step,fitness,genome
0,0.0009534033676545823,"[0 1 1 1 1 1 1 1 1 0 1 1 0 0 0 1 0 1 1 1 0 0 1 0 1 1 1 0 1 0 0 1 1 1 1 1 0
 0 0 1]"
0,0.003195050651398646,"[1 0 0 1 0 0 0 0 0 0 0 1 1 0 1 1 1 0 0 1 1 1 1 0 0 1 0 0 0 0 1 0 0 1 0 1 0
 1 0 0]"
0,0.037002281294143846,"[1 0 1 1 1 0 0 0 0 0 0 1 1 0 1 0 1 0 0 1 0 1 0 0 0 1 1 0 0 0 0 0 1 1 0 1 0
 1 0 0]"
0,0.006821388828545767,"[1 0 0 1 1 0 1 1 0 1 1 1 0 1 1 0 1 0 0 0 1 0 1 1 1 1 1 0 0 1 1 0 1 0 1 1 0
 0 1 1]"
0,0.8229729658760243,"[1 1 1 1 1 0 1 1 0 0 0 0 1 1 1 1 1 0 0 0 0 0 0 1 1 1 1 1 0 1 0 1 1 0 1 1 1
 0 1 0]"
0,0.00036848167667104524,"[0 1 1 1 0 1 0 0 0 0 0 1 1 1 0 0 1 1 1 1 1 0 0 1 1 1 1 1 1 1 0 1 0 1 1 1 1
 1 0 1]"
0,0.21425675215219206,"[1 1 0 1 1 0 1 1 0 1 1 1 0 0 1 0 1 1 1 0 1 0 1 1 0 1 1 0 0 1 1 0 1 0 1 1 0
 0 1 1]"
0,0.8224606096485836,"[1 1 1 1 1 0 1 1 0 0 0 0 1 0 1 1 1 0 0 0 0 0 0 1 0 1 0 1 0 1 0 0 1 0 1 1 1
 0 1 0]"
0,0.12806055655942933,"[1 1 0 1 0 0 0 0 0 1 1 1 0 0 0 0 1 0 1 1 0 0 0 1 1 0 1 0 1 0 0 0 0 1 1 1 1
 1 1 1]"
0,0.8089778252565077,"[1 1 1 1 1 0 1 0 1 0 1 0 0 0 0 1 0 1 0 1 1 1 0 1 0 1 0 1 1 0 0 1 0 1 1 0 0
 0 1 1]"
0,0.12755292199145546,"[1 1 0 1 0 0 0 0 0 1 0 1 1 0 1 1 1 0 0 0 0 0 0 0 1 1 1 1 1 1 0 1 0 1 1 0 0
 1 0 1]"
0,0.98807908242196,"[1 1 1 1 1 1 1 1 1 0 1 1 0 0 0 1 0 1 1 1 0 0 1 1 1 1 1 0 1 0 0 1 1 1 1 1 0
 0 0 1]"
0,0.023729475221665096,"[1 0 1 1 0 0 0 0 0 0 0 1 1 0 1 0 1 0 0 1 0 1 0 0 0 0 0 0 0 0 0 0 0 1 0 1 0
 1 0 0]"
0,0.05591024669340529,"[1 0 1 1 1 1 1 1 1 1 0 1 1 1 0 0 1 0 1 1 0 0 0 0 0 0 0 0 1 1 0 1 0 1 0 1 0
 0 1 0]"
0,0.08276570306856428,"[1 1 0 0 0 1 1 1 1 0 0 0 1 0 0 1 1 0 1 0 1 0 0 0 0 0 0 0 1 0 0 1 1 1 1 0 0
 1 0 0]"
0,0.056275591163210965,"[1 0 1 1 1 1 1 1 1 1 1 1 1 1 0 0 1 0 1 1 0 0 0 0 0 1 0 1 1 1 0 1 0 1 0 1 0
 0 1 0]"
0,0.41806148947338095,"[1 1 1 0 1 0 1 0 1 0 0 1 1 1 1 0 1 0 0 1 0 0 1 1 0 0 1 1 0 0 0 0 0 0 1 0 0
 0 0 1]"
0,0.25081729654468654,"[1 1 0 1 1 1 1 0 1 1 1 0 1 1 1 1 0 0 0 0 0 1 1 0 1 0 0 1 1 1 0 0 1 0 0 0 1
 1 0 1]"
0,0.9498279300812622,"[1 1 1 1 1 1 1 0 1 0 1 0 1 1 1 1 1 0 0 0 0 1 1 0 0 0 0 1 1 1 0 0 0 0 1 1 1
 1 0 1]"
0,0.21446952382341125,"[1 1 0 1 1 0 1 1 0 1 1 1 1 0 0 0 0 1 1 1 1 1 1 0 1 1 1 1 1 0 0 1 1 0 1 0 0
 1 1 0]"
0,0.8224606721361669,"[1 1 1 1 1 0 1 1 0 0 0 0 1 0 1 1 1 0 0 0 0 0 0 1 0 1 1 1 0 1 0 0 1 0 1 1 1
 0 1 0]"
0,0.12810845751552977,"[1 1 0 1 0 0 0 0 0 1 1 1 0 0 1 0 1 0 1 1 0 0 0 0 1 0 0 0 1 0 0 1 0 0 1 1 1
 1 1 1]"
0,0.08263566774701864,"[1 1 0 0 0 1 1 1 1 0 0 0 0 0 0 1 1 0 1 0 0 0 0 0 0 0 0 0 1 0 0 1 1 1 1 0 0
 1 0 0]"
0,0.12209065240320738,"[1 1 0 0 1 1 1 1 0 1 1 1 0 0 1 0 1 0 0 0 1 1 1 1 0 1 1 0 0 1 1 0 1 1 1 1 0
 0 1 1]"
0,2.5943896979244616e-05,"[0 1 0 1 1 0 0 1 0 0 0 0 1 1 0 1 0 1 0 0 1 1 0 1 0 1 0 0 1 1 0 1 0 1 1 0 1
 1 1 0]"
0,0.00017119223272949694,"[0 1 1 0 1 0 1 1 1 0 0 0 1 0 1 1 0 1 1 0 0 1 1 1 0 0 0 0 1 1 0 0 0 1 1 0 1
 1 0 0]"
0,0.0008806580153517446,"[0 1 1 1 1 1 1 0 1 0 1 0 1 1 1 1 0 0 0 0 0 1 1 0 0 0 0 1 1 1 0 0 0 0 1 1 1
 0 0 1]"
0,0.9880790640314574,"[1 1 1 1 1 1 1 1 1 0 1 1 0 0 0 1 0 1 1 1 0 0 1 1 1 1 1 0 0 0 0 1 1 1 1 1 0
 1 0 1]"
0,0.5272243643345976,"[1 1 1 1 0 0 0 0 0 0 1 0 0 0 0 0 0 1 0 0 1 1 0 1 0 1 0 1 1 0 0 1 0 1 1 0 1
 0 1 1]"
0,0.7047717138117016,"[1 1 1 1 0 1 1 1 0 0 1 1 0 0 1 0 1 0 1 0 1 0 1 0 1 1 0 1 1 1 1 1 1 0 1 0 0
 1 0 1]"
0,0.0030340046176896007,"[1 0 0 0 1 1 1 1 0 1 0 1 1 1 0 1 0 1 0 0 1 1 1 1 0 0 0 1 1 0 1 1 1 0 0 0 0
 0 1 1]"
0,0.9512753687083128,"[1 1 1 1 1 1 1 0 1 0 1 1 1 0 0 1 0 1 1 1 0 0 1 1 1 1 1 0 1 0 0 1 1 1 1 1 0
 0 0 1]"
0,0.7047160311601345,"[1 1 1 1 0 1 1 1 0 0 1 1 0 0 1 0 0 0 1 0 1 0 1 0 1 1 0 1 1 1 1 1 1 0 0 0 0
 1 0 1]"
0,0.10104329032257692,"[1 1 0 0 1 0 1 1 1 0 0 0 1 1 1 1 0 0 1 0 0 1 1 1 0 0 0 0 1 1 0 1 0 1 1 0 1
 1 0 0]"
0,0.035107902611859365,"[1 0 1 1 0 1 1 1 0 0 1 0 0 0 1 1 1 0 0 0 1 0 1 0 1 1 0 1 1 1 1 1 1 0 1 0 0
 1 0 1]"
0,0.9497550924977682,"[1 1 1 1 1 1 1 0 1 0 1 0 1 1 1 1 0 0 0 0 0 1 1 0 0 0 0 1 1 1 0 0 0 0 1 1 1
 1 0 1]"
0,0.2978612574568796,"[1 1 1 0 0 0 1 0 1 1 0 0 1 1 0 0 1 0 0 1 0 0 1 1 0 0 1 1 0 0 1 0 1 1 0 0 1
 0 0 1]"
0,0.16495096709122084,"[1 1 0 1 0 1 0 1 1 1 0 0 1 0 0 0 1 0 1 1 1 1 0 0 0 1 1 0 0 1 0 0 1 1 1 0 1
 0 0 1]"
0,0.02372964501172457,"[1 0 1 1 0 0 0 0 0 0 0 1 1 0 1 0 1 0 0 1 1 1 0 0 0 1 0 0 0 0 1 0 0 1 0 1 1
 1 0 0]"
0,0.9855159370247126,"[1 1 1 1 1 1 1 1 1 0 1 0 0 0 0 0 0 1 1 1 0 0 1 1 1 1 1 0 1 0 1 1 1 1 1 1 0
 0 0 1]"
0,0.054957756657180605,"[1 0 1 1 1 1 1 1 1 0 0 0 1 0 0 0 0 1 0 1 1 1 0 1 0 0 0 1 1 1 1 1 0 1 1 1 0
 1 1 1]"
0,0.023729480361858686,"[1 0 1 1 0 0 0 0 0 0 0 1 1 0 1 0 1 0 0 1 0 1 0 0 0 1 0 0 0 0 0 0 0 1 0 1 0
 1 0 0]"
0,0.12715889959349824,"[1 1 0 1 0 0 0 0 0 1 0 0 1 0 1 1 0 0 0 0 0 0 0 0 1 1 1 1 1 1 0 1 0 1 1 0 0
 1 1 1]"
0,0.006045264221942123,"[1 0 0 1 1 0 0 1 1 0 0 1 1 0 0 0 1 0 1 1 1 0 0 0 0 1 0 0 0 1 0 0 1 1 0 0 1
 0 0 1]"
0,0.02357261892291043,"[1 0 1 0 1 1 1 1 1 1 1 1 1 1 0 0 1 0 1 1 0 0 0 0 0 1 0 0 1 1 0 1 0 1 0 1 1
 0 1 0]"
0,0.19572459645791349,"[1 1 0 1 1 0 0 1 0 1 1 1 1 0 0 0 1 1 1 1 1 0 1 0 1 1 1 1 1 0 0 1 1 0 1 0 1
 1 1 0]"
0,0.19553357749977104,"[1 1 0 1 1 0 0 1 0 1 1 1 0 0 1 1 1 0 0 0 1 0 1 1 0 1 1 0 0 1 1 0 1 0 1 1 1
 0 1 1]"
0,0.9880790870285829,"[1 1 1 1 1 1 1 1 1 0 1 1 0 0 0 1 0 1 1 1 0 0 1 1 1 1 1 0 1 0 1 1 1 1 1 1 0
 0 0 1]"
0,4.956584502740519e-05,"[0 1 0 1 1 1 1 1 0 0 0 0 0 0 0 1 1 1 1 1 0 0 0 0 0 0 1 1 0 0 1 1 0 0 1 1 1
 0 0 1]"
0,0.12811297064459232,"[1 1 0 1 0 0 0 0 0 1 1 1 0 0 1 0 1 1 1 0 0 0 0 0 1 0 1 0 1 0 0 1 0 0 1 1 1
 1 1 1]"
step,fitness,genome
1,0.8224606096485836,"[1 1 1 1 1 0 1 1 0 0 0 0 1 0 1 1 1 0 0 0 0 0 0 1 0 1 0 1 0 1 0 0 1 0 1 1 1
 0 1 0]"
1,2.9536921482241284e-05,"[0 1 0 1 1 0 1 0 0 0 1 1 0 1 1 0 1 1 1 0 1 0 1 1 0 1 1 0 0 1 1 0 1 0 1 1 0
 0 1 1]"
1,0.988079068485126,"[1 1 1 1 1 1 1 1 1 0 1 1 0 0 0 1 0 1 1 1 0 0 1 1 1 1 1 0 0 0 1 1 1 1 1 0 0
 1 0 0]"
1,0.08263569934802911,"[1 1 0 0 0 1 1 1 1 0 0 0 0 0 0 1 1 0 1 0 0 0 0 0 1 0 0 0 1 0 0 1 1 1 1 0 0
 1 0 0]"
1,0.5272244060490237,"[1 1 1 1 0 0 0 0 0 0 1 0 0 0 0 0 0 1 0 0 1 1 0 1 0 1 1 1 1 0 0 1 0 1 0 0 1
 0 1 1]"
1,9.382788738134991e-06,"[0 1 0 1 0 0 0 0 0 1 1 1 0 0 0 0 1 0 1 1 0 0 0 1 0 0 1 0 1 0 0 0 0 1 1 1 1
 1 1 1]"
1,0.0009533207111026989,"[0 1 1 1 1 1 1 1 1 0 1 1 0 0 0 1 0 0 1 0 1 0 1 0 0 1 0 1 1 0 1 1 1 1 1 1 0
 1 0 1]"
1,0.9330557417870381,"[1 1 1 1 1 1 1 0 0 0 1 1 1 0 1 1 0 1 1 1 0 1 1 1 1 1 1 0 1 1 0 1 1 1 0 1 0
 0 0 1]"
1,0.16501125647767928,"[1 1 0 1 0 1 0 1 1 1 0 0 1 0 1 0 1 0 1 1 1 1 0 0 0 1 1 0 0 1 0 0 1 1 1 0 1
 0 0 1]"
1,0.7047158102599056,"[1 1 1 1 0 1 1 1 0 0 1 1 0 0 1 0 0 0 1 0 1 0 1 0 0 1 0 1 1 1 0 1 1 0 0 0 0
 1 0 1]"
1,0.05540588345821596,"[1 0 1 1 1 1 1 1 1 0 1 1 0 0 0 0 0 0 1 1 0 0 1 0 1 1 1 0 1 0 1 1 1 1 1 1 0
 0 0 1]"
1,0.7047717138117016,"[1 1 1 1 0 1 1 1 0 0 1 1 0 0 1 0 1 0 1 0 1 0 1 0 1 1 0 1 1 1 1 1 1 0 1 0 0
 1 0 1]"
1,0.258724903165691,"[1 1 0 1 1 1 1 1 1 0 1 0 0 0 0 0 0 1 1 1 0 0 1 1 1 1 1 0 1 0 1 0 1 1 1 1 0
 0 0 1]"
1,0.9497556614524444,"[1 1 1 1 1 1 1 0 1 0 1 0 1 1 1 1 0 0 0 0 0 1 1 1 0 0 0 1 1 1 0 0 0 0 1 1 0
 1 0 1]"
1,0.21425674982441603,"[1 1 0 1 1 0 1 1 0 1 1 1 0 0 1 0 1 1 1 0 1 0 1 1 0 1 1 0 0 0 1 0 1 0 1 1 0
 0 1 1]"
1,0.9880790870285829,"[1 1 1 1 1 1 1 1 1 0 1 1 0 0 0 1 0 1 1 1 0 0 1 1 1 1 1 0 1 0 1 1 1 1 1 1 0
 0 0 1]"
1,0.0009531129008923958,"[0 1 1 1 1 1 1 1 1 0 1 1 0 0 0 0 0 1 1 1 0 0 1 1 1 1 1 0 1 0 1 1 1 1 1 1 0
 0 0 1]"
1,0.9855159370247126,"[1 1 1 1 1 1 1 1 1 0 1 0 0 0 0 0 0 1 1 1 0 0 1 1 1 1 1 0 1 0 1 1 1 1 1 1 0
 0 0 1]"
1,0.9976299069280837,"[1 1 1 1 1 1 1 1 1 1 1 1 0 0 0 0 0 1 1 1 0 0 1 1 0 1 1 0 0 1 0 1 0 1 1 1 0
 1 0 1]"
1,0.9512753687083128,"[1 1 1 1 1 1 1 0 1 0 1 1 1 0 0 1 0 1 1 1 0 0 1 1 1 1 1 0 1 0 0 1 1 1 1 1 0
 0 0 1]"
1,0.8090369636407396,"[1 1 1 1 1 0 1 0 1 0 1 0 0 0 0 1 1 1 0 1 0 1 0 1 0 1 1 0 1 0 1 1 0 0 1 0 0
 0 1 1]"
1,0.043352551850328054,"[1 0 1 1 1 0 1 1 0 0 0 0 1 0 1 1 0 0 0 0 0 0 0 1 0 1 0 0 0 1 0 0 1 0 1 1 1
 0 1 0]"
1,0.05551469646993845,"[1 0 1 1 1 1 1 1 1 0 1 1 1 0 0 1 1 1 0 1 0 0 1 1 1 1 1 0 1 0 1 1 1 1 1 1 0
 0 0 1]"
1,0.534159981605937,"[1 1 1 1 0 0 0 0 0 1 1 1 0 0 0 0 1 0 1 1 0 0 0 1 1 0 1 0 1 0 0 0 0 1 1 1 0
 1 1 1]"
1,0.8094980759009699,"[1 1 1 1 1 0 1 0 1 0 1 0 0 1 0 1 0 1 1 1 1 1 0 1 0 1 0 1 1 0 0 1 0 1 1 0 0
 0 1 1]"
1,0.7190196157879154,"[1 1 1 1 0 1 1 1 1 0 1 1 0 0 0 1 0 1 1 1 0 0 1 1 1 1 1 0 0 0 0 1 1 1 1 1 0
 1 0 1]"
1,0.9880790640314574,"[1 1 1 1 1 1 1 1 1 0 1 1 0 0 0 1 0 1 1 1 0 0 1 1 1 1 1 0 0 0 0 1 1 1 1 1 0
 1 0 1]"
1,0.9880838042206634,"[1 1 1 1 1 1 1 1 1 0 1 1 0 0 0 1 0 1 1 1 1 0 1 1 1 1 1 0 1 0 1 1 1 1 1 1 0
 0 0 1]"
1,0.12815659171420596,"[1 1 0 1 0 0 0 0 0 1 1 1 0 1 0 0 1 0 1 1 0 0 0 1 1 0 1 1 1 0 1 0 0 1 1 1 1
 1 1 1]"
1,0.9880779054664098,"[1 1 1 1 1 1 1 1 1 0 1 1 0 0 0 1 0 1 1 1 0 0 0 1 1 1 1 0 1 0 1 0 1 1 1 1 0
 1 0 1]"
1,0.0006576006842418539,"[0 1 1 1 1 0 1 1 0 0 0 0 1 0 0 1 1 0 0 0 0 0 0 1 0 1 0 1 0 1 0 0 1 0 0 1 1
 0 1 0]"
1,0.968926358859533,"[1 1 1 1 1 1 1 1 0 0 1 1 0 0 0 1 0 1 1 1 0 0 1 1 0 1 1 0 1 0 1 1 1 1 1 1 0
 0 0 1]"
1,0.9591927545031282,"[1 1 1 1 1 1 1 0 1 1 1 0 1 1 1 1 1 0 0 0 0 1 1 0 0 0 0 1 1 1 0 0 0 0 1 1 1
 1 0 1]"
1,0.264561255390014,"[1 1 1 0 0 0 0 0 0 0 1 0 0 0 0 0 0 1 0 0 1 1 0 1 0 1 0 1 1 0 0 1 0 1 1 0 0
 0 1 1]"
1,0.9854782768429068,"[1 1 1 1 1 1 1 1 1 0 1 0 0 0 0 0 0 0 1 1 0 0 1 1 1 1 1 0 0 1 1 0 1 1 1 1 0
 0 0 1]"
1,0.822460920072782,"[1 1 1 1 1 0 1 1 0 0 0 0 1 0 1 1 1 0 0 0 0 0 0 1 1 1 1 1 0 0 1 1 1 0 1 1 0
 0 1 0]"
1,0.05268214973269174,"[1 0 1 1 1 1 1 0 1 0 1 1 1 0 0 1 0 1 1 1 0 0 1 1 1 1 1 0 1 0 0 1 1 1 1 1 0
 0 0 1]"
1,0.9964116007583504,"[1 1 1 1 1 1 1 1 1 1 1 0 1 0 0 0 0 1 1 1 0 0 0 1 1 1 1 0 1 0 1 1 1 1 1 0 0
 0 0 1]"
1,0.7047717138117016,"[1 1 1 1 0 1 1 1 0 0 1 1 0 0 1 0 1 0 1 0 1 0 1 0 1 1 0 1 1 1 1 1 1 0 1 0 0
 1 0 1]"
1,0.988079086884626,"[1 1 1 1 1 1 1 1 1 0 1 1 0 0 0 1 0 1 1 1 0 0 1 1 1 1 1 0 1 0 1 1 1 1 1 0 0
 0 0 1]"
1,0.6903018554526893,"[1 1 1 1 0 1 1 0 1 0 1 0 1 1 1 1 1 0 0 0 0 1 1 0 0 0 0 1 1 1 0 0 0 0 1 1 1
 1 0 1]"
1,0.9689266440089153,"[1 1 1 1 1 1 1 1 0 0 1 1 0 0 0 1 0 1 1 1 0 0 1 1 1 1 1 0 1 0 0 1 1 1 1 1 0
 0 0 1]"
1,0.000694394529825845,"[0 1 1 1 1 0 1 1 1 0 1 1 0 1 0 1 0 1 1 1 0 0 1 1 1 1 1 0 1 0 1 1 1 1 0 1 0
 0 0 0]"
1,0.8089781022985331,"[1 1 1 1 1 0 1 0 1 0 1 0 0 0 0 1 0 1 0 1 1 1 0 1 1 1 1 0 1 0 0 1 0 1 1 0 0
 0 1 1]"
1,0.8229728408308042,"[1 1 1 1 1 0 1 1 0 0 0 0 1 1 1 1 1 0 0 0 0 0 0 1 1 0 1 1 0 1 0 1 1 0 1 1 1
 0 1 0]"
1,0.21425682660466583,"[1 1 0 1 1 0 1 1 0 1 1 1 0 0 1 0 1 1 1 0 1 0 1 1 1 1 1 0 0 1 1 0 1 0 1 0 0
 0 1 1]"
1,0.9856665194951602,"[1 1 1 1 1 1 1 1 1 0 1 0 0 0 0 1 0 1 1 1 0 0 1 1 1 1 1 0 0 0 0 0 1 1 1 1 0
 1 0 1]"
1,0.9886736078457222,"[1 1 1 1 1 1 1 1 1 0 1 1 0 1 0 1 0 1 1 0 0 0 1 1 1 1 1 0 1 0 0 1 1 1 0 0 0
 0 1 1]"
1,0.21425675273413608,"[1 1 0 1 1 0 1 1 0 1 1 1 0 0 1 0 1 1 1 0 1 0 1 1 0 1 1 0 0 1 1 1 1 0 1 1 0
 0 1 1]"
1,0.9498279300986286,"[1 1 1 1 1 1 1 0 1 0 1 0 1 1 1 1 1 0 0 0 0 1 1 0 0 0 0 1 1 1 0 0 0 0 1 1 1
 1 1 1]"
step,fitness,genome
2,0.2596726746755337,"[1 1 0 1 1 1 1 1 1 0 1 1 0 1 0 1 0 1 1 0 0 0 1 1 1 1 0 0 1 0 0 1 1 1 0 0 0
 0 1 1]"
2,0.04963476342726843,"[1 0 1 1 1 1 0 1 1 0 0 1 0 1 1 1 0 1 1 0 0 0 1 1 1 1 1 0 1 0 0 1 1 1 0 0 0
 0 1 1]"
2,0.991933804831331,"[1 1 1 1 1 1 1 1 1 1 0 0 1 0 1 0 1 1 1 1 0 0 0 1 1 1 0 0 1 0 1 1 1 1 1 0 0
 0 0 1]"
2,0.9935172655332227,"[1 1 1 1 1 1 1 1 1 1 0 1 0 1 0 1 0 1 1 0 0 0 1 1 1 1 1 0 1 0 1 0 1 1 0 0 0
 0 0 1]"
2,0.9964116009033996,"[1 1 1 1 1 1 1 1 1 1 1 0 1 0 0 0 0 1 1 1 0 0 0 1 1 1 1 0 1 0 1 1 1 1 1 1 0
 0 0 1]"
2,0.0009526963369110786,"[0 1 1 1 1 1 1 1 1 0 1 0 1 1 1 1 0 0 0 0 0 1 1 0 0 0 0 1 1 1 0 0 0 0 1 1 1
 1 1 1]"
2,0.000693517948909281,"[0 1 1 1 1 0 1 1 1 0 1 1 0 0 0 1 0 1 1 1 0 0 1 1 1 1 1 0 0 0 1 1 1 1 1 0 0
 1 0 0]"
2,0.9880838041126953,"[1 1 1 1 1 1 1 1 1 0 1 1 0 0 0 1 0 1 1 1 1 0 1 1 1 1 1 0 1 0 1 1 1 1 1 0 0
 1 0 1]"
2,0.8107648629823502,"[1 1 1 1 1 0 1 0 1 0 1 0 1 1 1 1 1 0 0 0 0 1 1 0 0 0 0 1 1 1 0 0 0 0 0 1 1
 1 1 1]"
2,0.8229737786703717,"[1 1 1 1 1 0 1 1 0 0 0 0 1 1 1 1 1 0 0 0 0 0 1 1 1 0 0 1 0 1 0 1 1 0 1 1 1
 0 1 0]"
2,0.968926340754813,"[1 1 1 1 1 1 1 1 0 0 1 1 0 0 0 1 0 1 1 1 0 0 1 1 0 1 1 0 0 0 1 1 1 1 1 1 0
 0 0 1]"
2,0.9886736079897572,"[1 1 1 1 1 1 1 1 1 0 1 1 0 1 0 1 0 1 1 0 0 0 1 1 1 1 1 0 1 0 0 1 1 1 0 1 0
 0 1 1]"
2,0.9886736080437702,"[1 1 1 1 1 1 1 1 1 0 1 1 0 1 0 1 0 1 1 0 0 0 1 1 1 1 1 0 1 0 0 1 1 1 0 1 1
 0 0 1]"
2,0.9880790628258178,"[1 1 1 1 1 1 1 1 1 0 1 1 0 0 0 1 0 1 1 1 0 0 1 1 1 1 1 0 0 0 0 1 0 1 1 0 1
 1 1 1]"
2,0.7029922451067832,"[1 1 1 1 0 1 1 1 0 0 1 0 0 0 1 0 1 0 1 0 1 0 1 1 1 1 0 0 1 1 1 1 1 0 0 0 0
 1 0 1]"
2,0.8224768857793959,"[1 1 1 1 1 0 1 1 0 0 0 0 1 0 1 1 1 0 1 0 0 0 0 1 1 1 1 0 0 0 1 1 1 0 1 1 0
 0 0 0]"
2,0.9512753687083128,"[1 1 1 1 1 1 1 0 1 0 1 1 1 0 0 1 0 1 1 1 0 0 1 1 1 1 1 0 1 0 0 1 1 1 1 1 0
 0 0 1]"
2,0.05615775909411204,"[1 0 1 1 1 1 1 1 1 1 1 1 0 0 1 0 0 1 1 0 0 0 1 1 0 1 1 0 0 1 0 1 0 1 1 1 0
 1 0 1]"
2,0.8523664098715056,"[1 1 1 1 1 0 1 1 1 1 1 1 0 0 0 1 0 1 1 1 0 0 1 1 1 1 1 0 1 0 0 1 1 1 1 1 0
 0 0 1]"
2,0.16501149202557,"[1 1 0 1 0 1 0 1 1 1 0 0 1 0 1 0 1 0 1 1 1 1 1 0 0 1 1 0 0 1 0 0 1 1 1 0 1
 0 1 1]"
2,0.9880813488828032,"[1 1 1 1 1 1 1 1 1 0 1 1 0 0 0 1 0 1 1 1 0 1 1 1 1 1 0 0 0 0 0 1 1 1 1 1 0
 0 0 1]"
2,0.9855018186133182,"[1 1 1 1 1 1 1 1 1 0 1 0 0 0 0 0 0 1 0 1 1 0 1 1 1 1 1 0 1 0 1 1 1 1 1 1 0
 0 0 1]"
2,0.9976299069280837,"[1 1 1 1 1 1 1 1 1 1 1 1 0 0 0 0 0 1 1 1 0 0 1 1 0 1 1 0 0 1 0 1 0 1 1 1 0
 1 0 1]"
2,0.9976299069280837,"[1 1 1 1 1 1 1 1 1 1 1 1 0 0 0 0 0 1 1 1 0 0 1 1 0 1 1 0 0 1 0 1 0 1 1 1 0
 1 0 1]"
2,0.8224601097480713,"[1 1 1 1 1 0 1 1 0 0 0 0 1 0 1 1 1 0 0 0 0 0 0 0 0 1 0 1 0 1 0 0 1 0 1 1 1
 0 1 0]"
2,0.9880779048905827,"[1 1 1 1 1 1 1 1 1 0 1 1 0 0 0 1 0 1 1 1 0 0 0 1 1 1 1 0 1 0 1 0 1 0 1 1 0
 1 0 1]"
2,0.9886830518060703,"[1 1 1 1 1 1 1 1 1 0 1 1 0 1 0 1 0 1 1 1 0 0 1 1 1 1 1 0 1 0 1 1 1 0 1 1 0
 0 0 1]"
2,0.9988477971744831,"[1 1 1 1 1 1 1 1 1 1 1 1 1 0 0 0 0 1 1 1 0 0 0 1 1 1 1 0 1 0 1 1 1 1 1 0 0
 0 0 1]"
2,0.9886547290625943,"[1 1 1 1 1 1 1 1 1 0 1 1 0 1 0 1 0 1 0 0 0 0 1 1 1 1 1 0 1 0 0 1 1 1 0 0 0
 0 1 1]"
2,0.9592019403089128,"[1 1 1 1 1 1 1 0 1 1 1 0 1 1 1 1 1 0 0 1 0 1 1 0 0 0 0 1 1 1 0 0 0 0 1 1 1
 1 0 1]"
2,0.9868721523746208,"[1 1 1 1 1 1 1 1 1 0 1 0 1 0 0 1 0 1 1 1 0 0 1 1 1 1 1 0 1 0 1 1 1 1 1 1 0
 0 0 0]"
2,0.9891409661533621,"[1 1 1 1 1 1 1 1 1 0 1 1 1 0 0 0 0 1 1 1 1 0 1 1 1 1 1 0 1 0 1 1 1 1 1 1 0
 0 0 1]"
2,0.7252654825516073,"[1 1 1 1 0 1 1 1 1 1 1 0 1 0 0 0 0 1 0 1 0 0 0 1 1 1 1 0 1 1 1 1 0 1 1 0 0
 0 0 1]"
2,0.9898825227270767,"[1 1 1 1 1 1 1 1 1 0 1 1 1 1 0 1 0 1 1 0 0 0 1 1 1 1 1 0 1 0 0 0 1 1 0 0 0
 0 1 1]"
2,0.25374920350158137,"[1 1 0 1 1 1 1 1 0 0 1 1 0 0 0 1 0 1 1 0 0 0 1 1 1 1 1 0 0 0 0 1 0 1 0 1 0
 0 1 1]"
2,0.9886736066754386,"[1 1 1 1 1 1 1 1 1 0 1 1 0 1 0 1 0 1 1 0 0 0 1 1 1 1 1 0 1 0 0 1 0 1 0 0 0
 0 0 1]"
2,0.9140107057489977,"[1 1 1 1 1 1 0 1 1 0 1 1 0 1 0 1 0 1 1 0 0 0 1 1 0 0 1 0 1 0 0 1 1 1 0 0 0
 0 1 1]"
2,0.7047717138183397,"[1 1 1 1 0 1 1 1 0 0 1 1 0 0 1 0 1 0 1 0 1 0 1 0 1 1 0 1 1 1 1 1 1 0 1 0 0
 1 1 0]"
2,0.5177940191334864,"[1 1 1 0 1 1 1 1 1 0 1 1 0 0 0 1 0 1 1 1 0 0 1 1 1 1 1 0 1 0 1 1 1 1 1 1 0
 0 0 1]"
2,0.0009484216803718216,"[0 1 1 1 1 1 1 1 1 0 1 0 0 0 0 0 0 1 0 1 0 0 1 1 1 1 1 0 1 0 1 1 1 1 1 1 0
 0 0 1]"
2,0.2620197774066761,"[1 1 0 1 1 1 1 1 1 1 1 0 1 0 0 0 1 1 1 1 0 0 0 1 1 1 0 0 1 0 1 1 1 1 1 0 0
 1 0 1]"
2,0.9892919985689882,"[1 1 1 1 1 1 1 1 1 0 1 1 1 0 0 1 0 1 1 1 1 0 1 1 1 1 0 0 1 0 1 1 1 1 1 1 0
 0 0 1]"
2,0.5181329717176139,"[1 1 1 0 1 1 1 1 1 0 1 1 0 1 0 1 0 1 1 1 0 1 1 1 1 1 1 0 1 0 0 1 1 1 0 1 0
 0 1 1]"
2,0.822460920072782,"[1 1 1 1 1 0 1 1 0 0 0 0 1 0 1 1 1 0 0 0 0 0 0 1 1 1 1 1 0 0 1 1 1 0 1 1 0
 0 1 0]"
2,0.5272244060490237,"[1 1 1 1 0 0 0 0 0 0 1 0 0 0 0 0 0 1 0 0 1 1 0 1 0 1 1 1 1 0 0 1 0 1 0 0 1
 0 1 1]"
2,0.9964115264932112,"[1 1 1 1 1 1 1 1 1 1 1 0 1 0 0 0 0 1 1 1 0 0 0 1 1 1 0 0 1 0 1 1 1 1 1 0 0
 0 0 1]"
2,0.5495966125475231,"[1 1 1 1 0 0 0 1 0 0 1 0 0 0 0 0 0 1 0 0 1 1 0 1 0 1 1 1 1 0 1 1 0 0 0 0 1
 1 1 1]"
2,0.0009545694576770089,"[0 1 1 1 1 1 1 1 1 0 1 1 0 1 0 1 0 1 1 1 0 0 0 1 1 1 1 0 0 0 1 0 1 1 1 1 0
 1 0 1]"
2,0.988083785677127,"[1 1 1 1 1 1 1 1 1 0 1 1 0 0 0 1 0 1 1 1 1 0 1 1 1 1 1 0 0 0 1 1 1 1 1 0 0
 1 0 0]"
2,3.659129445384306e-08,"[0 0 1 0 1 1 1 0 0 0 1 1 0 0 0 1 0 1 1 1 0 0 1 1 0 1 1 0 1 0 1 1 1 1 1 1 0
 0 1 1]"
step,fitness,genome
3,0.9892920077924123,"[1 1 1 1 1 1 1 1 1 0 1 1 1 0 0 1 0 1 1 1 1 0 1 1 1 1 0 0 1 1 1 1 1 1 1 1 0
 0 0 1]"
3,0.9862597407883872,"[1 1 1 1 1 1 1 1 1 0 1 0 0 1 0 1 0 1 1 0 0 0 1 1 1 1 1 0 0 0 0 1 1 1 0 1 1
 0 0 1]"
3,0.2623630978481648,"[1 1 0 1 1 1 1 1 1 1 1 1 0 0 0 0 0 1 1 1 0 0 1 1 0 1 1 0 0 1 0 1 0 1 1 1 0
 1 0 1]"
3,0.7252654773203184,"[1 1 1 1 0 1 1 1 1 1 1 0 1 0 0 0 0 1 0 1 0 0 0 1 1 1 1 0 1 1 0 0 0 1 1 0 0
 0 0 1]"
3,0.992914196399222,"[1 1 1 1 1 1 1 1 1 1 0 1 0 0 0 1 0 1 1 0 1 0 0 1 1 1 1 0 1 0 1 0 1 1 0 0 0
 0 0 1]"
3,0.8523664098715056,"[1 1 1 1 1 0 1 1 1 1 1 1 0 0 0 1 0 1 1 1 0 0 1 1 1 1 1 0 1 0 0 1 1 1 1 1 0
 0 0 1]"
3,0.9964875766052095,"[1 1 1 1 1 1 1 1 1 1 1 0 1 0 0 0 1 1 1 1 0 0 0 1 1 1 0 0 1 0 1 1 1 1 1 0 0
 0 0 1]"
3,0.9976299069280837,"[1 1 1 1 1 1 1 1 1 1 1 1 0 0 0 0 0 1 1 1 0 0 1 1 0 1 1 0 0 1 0 1 0 1 1 1 0
 1 0 1]"
3,0.9879278379384066,"[1 1 1 1 1 1 1 1 1 0 1 1 0 0 0 0 0 1 1 1 0 0 1 1 0 1 1 0 0 1 0 1 0 1 1 1 1
 1 0 1]"
3,0.988683033369442,"[1 1 1 1 1 1 1 1 1 0 1 1 0 1 0 1 0 1 1 1 0 0 1 1 1 1 1 0 0 0 1 1 1 0 1 1 0
 0 0 1]"
3,0.00047894539182258034,"[0 1 1 1 0 1 1 1 0 0 1 1 0 0 1 0 1 0 1 0 1 0 0 0 1 1 0 1 1 1 1 1 1 0 1 0 0
 1 1 0]"
3,0.992730307672499,"[1 1 1 1 1 1 1 1 1 1 0 1 0 0 0 0 0 0 1 1 0 0 1 1 0 1 1 0 0 1 0 1 0 1 1 1 0
 0 0 0]"
3,0.9543429382126423,"[1 1 1 1 1 1 1 0 1 1 0 0 1 1 1 0 0 1 1 1 0 0 1 1 0 1 0 0 1 0 1 1 1 0 1 0 0
 0 0 1]"
3,0.9982391237525332,"[1 1 1 1 1 1 1 1 1 1 1 1 0 1 0 0 0 1 1 1 0 0 1 1 0 1 1 0 0 1 0 1 0 1 1 1 0
 1 0 1]"
3,0.9976287173789621,"[1 1 1 1 1 1 1 1 1 1 1 1 0 0 0 0 0 1 1 1 0 0 0 1 0 1 1 0 0 1 0 1 0 1 1 1 0
 1 0 1]"
3,0.9891350632684075,"[1 1 1 1 1 1 1 1 1 0 1 1 1 0 0 0 0 1 1 1 0 0 0 1 1 1 1 0 1 0 1 1 1 0 1 0 0
 0 0 1]"
3,0.8229737786703717,"[1 1 1 1 1 0 1 1 0 0 0 0 1 1 1 1 1 0 0 0 0 0 1 1 1 0 0 1 0 1 0 1 1 0 1 1 1
 0 1 0]"
3,0.9695107882237578,"[1 1 1 1 1 1 1 1 0 0 1 1 0 1 0 1 0 1 1 0 0 0 1 1 1 1 1 0 1 0 0 1 1 1 0 1 1
 0 0 1]"
3,0.0009695489639453494,"[0 1 1 1 1 1 1 1 1 1 1 0 1 0 0 0 0 1 1 0 0 0 1 1 1 1 0 1 1 0 1 1 1 1 1 0 0
 0 0 1]"
3,0.9886830886793281,"[1 1 1 1 1 1 1 1 1 0 1 1 0 1 0 1 0 1 1 1 0 0 1 1 1 1 1 1 1 0 1 1 1 0 1 1 0
 0 0 1]"
3,0.991933804831331,"[1 1 1 1 1 1 1 1 1 1 0 0 1 0 1 0 1 1 1 1 0 0 0 1 1 1 0 0 1 0 1 1 1 1 1 0 0
 0 0 1]"
3,0.7181054805687838,"[1 1 1 1 0 1 1 1 1 0 1 0 1 0 0 1 0 1 1 0 0 0 1 0 1 1 1 0 1 0 1 1 0 1 1 1 0
 0 0 0]"
3,0.9886777378208292,"[1 1 1 1 1 1 1 1 1 0 1 1 0 1 0 1 0 1 1 0 1 0 1 0 1 1 1 0 1 0 0 1 1 1 0 1 1
 0 0 1]"
3,0.2168197905013884,"[1 1 0 1 1 0 1 1 1 0 1 1 0 1 0 1 1 1 0 0 0 0 1 1 1 0 1 0 1 0 0 1 1 1 0 0 0
 0 1 1]"
3,0.987927837866438,"[1 1 1 1 1 1 1 1 1 0 1 1 0 0 0 0 0 1 1 1 0 0 1 1 0 1 1 0 0 1 0 1 0 1 1 1 0
 1 0 1]"
3,0.9996113984486636,"[1 1 1 1 1 1 1 1 1 1 1 1 1 1 0 1 0 1 1 1 0 0 1 1 1 1 1 0 1 0 1 1 1 0 1 1 0
 1 0 1]"
3,0.983851142596826,"[1 1 1 1 1 1 1 1 1 0 0 1 0 1 0 1 0 1 1 0 0 0 1 1 1 1 0 0 1 0 0 1 1 1 1 1 1
 1 0 1]"
3,0.9990002372931559,"[1 1 1 1 1 1 1 1 1 1 1 1 1 0 0 1 0 1 1 1 0 0 0 1 1 1 1 0 1 0 1 1 1 1 1 0 0
 0 0 1]"
3,0.988083785677127,"[1 1 1 1 1 1 1 1 1 0 1 1 0 0 0 1 0 1 1 1 1 0 1 1 1 1 1 0 0 0 1 1 1 1 1 0 0
 1 0 0]"
3,0.9964113131441436,"[1 1 1 1 1 1 1 1 1 1 1 0 1 0 0 0 0 1 1 1 0 0 0 1 0 1 1 0 1 1 1 1 1 1 1 1 0
 0 1 1]"
3,0.7194662396720252,"[1 1 1 1 0 1 1 1 1 0 1 1 0 1 0 1 0 1 1 0 0 0 1 1 1 1 1 0 1 0 0 1 1 1 0 1 1
 0 0 1]"
3,0.9976299046047443,"[1 1 1 1 1 1 1 1 1 1 1 1 0 0 0 0 0 1 1 1 0 0 1 1 0 1 1 0 0 1 0 0 0 1 1 1 0
 1 0 1]"
3,0.998838307576166,"[1 1 1 1 1 1 1 1 1 1 1 1 1 0 0 0 0 1 1 0 0 0 0 1 1 1 1 1 1 0 1 1 1 1 1 0 0
 0 0 1]"
3,0.9760739656772244,"[1 1 1 1 1 1 1 1 0 1 1 0 0 0 0 1 0 1 1 1 1 0 1 1 1 1 1 0 1 0 1 1 1 1 1 0 0
 1 0 1]"
3,0.988079086452755,"[1 1 1 1 1 1 1 1 1 0 1 1 0 0 0 1 0 1 1 1 0 0 1 1 1 1 1 0 1 0 1 1 1 0 1 1 0
 0 0 1]"
3,0.9898919727719337,"[1 1 1 1 1 1 1 1 1 0 1 1 1 1 0 1 0 1 1 1 0 0 1 1 1 1 1 0 1 0 0 0 1 1 0 1 0
 0 1 1]"
3,0.7270957405648933,"[1 1 1 1 0 1 1 1 1 1 1 1 1 0 0 0 0 1 0 1 0 0 0 1 0 1 0 0 1 0 1 1 1 1 1 0 0
 0 0 1]"
3,0.8511437371838926,"[1 1 1 1 1 0 1 1 1 1 1 0 1 0 0 0 0 0 1 1 0 0 0 1 1 1 1 0 1 0 1 1 1 1 1 1 0
 0 0 1]"
3,0.2600583630039073,"[1 1 0 1 1 1 1 1 1 0 1 1 1 1 0 1 1 1 1 0 0 0 1 1 1 1 1 0 1 0 0 0 0 1 0 0 0
 0 1 1]"
3,0.9140101560358289,"[1 1 1 1 1 1 0 1 1 0 1 1 0 1 0 1 0 1 1 0 0 0 1 0 0 0 1 0 1 0 0 1 1 1 0 0 0
 0 1 1]"
3,0.9965648947586723,"[1 1 1 1 1 1 1 1 1 1 1 0 1 0 0 1 0 1 1 1 0 0 1 1 1 1 1 0 1 0 1 1 1 1 1 1 0
 0 0 0]"
3,0.988077610067068,"[1 1 1 1 1 1 1 1 1 0 1 1 0 0 0 1 0 1 1 1 0 0 0 1 0 1 1 0 1 0 1 0 1 0 1 1 0
 1 0 1]"
3,0.5154203461660791,"[1 1 1 0 1 1 1 1 1 0 0 1 0 1 0 1 0 1 0 0 0 0 1 1 1 1 1 0 1 0 0 1 1 1 0 0 0
 0 1 1]"
3,0.9976299109939276,"[1 1 1 1 1 1 1 1 1 1 1 1 0 0 0 0 0 1 1 1 0 0 1 1 0 1 1 0 0 1 1 1 0 0 1 1 0
 1 0 1]"
3,0.989844723936334,"[1 1 1 1 1 1 1 1 1 0 1 1 1 1 0 1 0 0 1 0 0 0 1 1 1 1 1 0 1 0 0 0 1 1 0 0 0
 0 1 1]"
3,0.0558271903991014,"[1 0 1 1 1 1 1 1 1 1 0 1 0 1 0 1 0 1 1 0 0 0 1 0 1 1 1 0 1 0 1 0 1 1 0 0 0
 0 0 1]"
3,0.9843165205617901,"[1 1 1 1 1 1 1 1 1 0 0 1 1 0 0 0 0 1 1 1 1 0 1 1 1 1 1 0 1 0 1 1 0 1 1 1 0
 0 0 1]"
3,0.7263096088128383,"[1 1 1 1 0 1 1 1 1 1 1 1 0 0 0 1 0 1 1 1 0 0 1 1 0 1 1 0 0 1 0 1 0 1 1 1 0
 1 0 1]"
3,0.9976286662655519,"[1 1 1 1 1 1 1 1 1 1 1 1 0 0 0 0 0 1 1 1 0 0 0 1 0 1 0 0 1 1 1 1 0 1 1 1 0
 1 0 1]"
3,0.9982391423494633,"[1 1 1 1 1 1 1 1 1 1 1 1 0 1 0 0 0 1 1 1 0 0 1 1 0 1 1 0 1 1 0 1 0 1 1 1 0
 1 0 1]"
step,fitness,genome
4,0.9989633139544744,"[1 1 1 1 1 1 1 1 1 1 1 1 1 0 0 1 0 0 1 1 0 0 1 1 1 1 1 0 1 0 1 0 1 1 1 0 0
 0 0 1]"
4,0.2627750090368377,"[1 1 0 1 1 1 1 1 1 1 1 1 1 0 0 1 0 1 1 1 0 0 0 1 1 1 1 0 1 0 1 1 1 1 1 0 0
 0 1 1]"
4,0.9990011301588572,"[1 1 1 1 1 1 1 1 1 1 1 1 1 0 0 1 0 1 1 1 0 0 1 1 0 1 1 0 1 0 1 1 1 0 1 1 0
 1 0 1]"
4,0.9879266080682372,"[1 1 1 1 1 1 1 1 1 0 1 1 0 0 0 0 0 1 1 1 0 0 0 1 0 1 0 0 1 1 1 1 0 1 1 1 0
 1 0 1]"
4,0.9929141965438127,"[1 1 1 1 1 1 1 1 1 1 0 1 0 0 0 1 0 1 1 0 1 0 0 1 1 1 1 0 1 0 1 0 1 1 0 1 0
 0 0 1]"
4,0.9976285872902555,"[1 1 1 1 1 1 1 1 1 1 1 1 0 0 0 0 0 1 1 1 0 0 0 1 0 0 1 0 1 1 0 1 0 1 1 1 0
 1 1 1]"
4,0.983071154048329,"[1 1 1 1 1 1 1 1 1 0 0 1 0 0 0 0 0 0 1 1 0 0 1 1 0 1 1 0 0 1 0 1 0 1 0 1 0
 0 1 0]"
4,0.958226244561753,"[1 1 1 1 1 1 1 0 1 1 1 0 1 0 0 0 1 1 1 1 0 0 0 1 1 1 0 1 1 0 1 0 1 1 1 0 0
 0 0 1]"
4,0.05541993196438133,"[1 0 1 1 1 1 1 1 1 0 1 1 0 0 0 1 0 1 1 1 0 0 0 1 0 1 1 0 1 0 1 0 0 0 1 1 0
 1 0 1]"
4,0.9965637062165141,"[1 1 1 1 1 1 1 1 1 1 1 0 1 0 0 1 0 1 1 1 0 0 0 1 1 1 1 0 1 0 1 1 1 1 1 0 0
 0 0 1]"
4,0.9976299109939276,"[1 1 1 1 1 1 1 1 1 1 1 1 0 0 0 0 0 1 1 1 0 0 1 1 0 1 1 0 0 1 1 1 0 0 1 1 0
 1 0 1]"
4,0.9880774719405512,"[1 1 1 1 1 1 1 1 1 0 1 1 0 0 0 1 0 1 1 1 0 0 0 1 0 0 1 0 1 1 1 0 1 0 1 1 1
 1 0 1]"
4,0.9996113981577271,"[1 1 1 1 1 1 1 1 1 1 1 1 1 1 0 1 0 1 1 1 0 0 1 1 1 1 1 0 1 0 1 1 1 0 0 1 0
 1 0 1]"
4,0.9996113985213978,"[1 1 1 1 1 1 1 1 1 1 1 1 1 1 0 1 0 1 1 1 0 0 1 1 1 1 1 0 1 0 1 1 1 0 1 1 1
 1 0 1]"
4,0.9881592635056848,"[1 1 1 1 1 1 1 1 1 0 1 1 0 0 0 1 1 1 1 1 1 0 1 1 1 1 1 0 0 0 1 1 1 1 1 0 0
 1 0 0]"
4,0.998838307285432,"[1 1 1 1 1 1 1 1 1 1 1 1 1 0 0 0 0 1 1 0 0 0 0 1 1 1 1 1 1 0 1 1 1 1 0 0 0
 0 0 1]"
4,0.9904969794415165,"[1 1 1 1 1 1 1 1 1 1 0 0 0 0 0 1 0 1 1 1 0 0 1 1 1 1 1 1 1 0 1 1 1 1 1 1 0
 0 0 0]"
4,0.7275621266684318,"[1 1 1 1 0 1 1 1 1 1 1 1 1 1 0 0 0 1 1 0 0 0 1 1 0 1 1 0 0 1 0 0 0 1 1 1 0
 1 0 1]"
4,0.9976299046047443,"[1 1 1 1 1 1 1 1 1 1 1 1 0 0 0 0 0 1 1 1 0 0 1 1 0 1 1 0 0 1 0 0 0 1 1 1 0
 1 0 1]"
4,0.9982391231259765,"[1 1 1 1 1 1 1 1 1 1 1 1 0 1 0 0 0 1 1 1 0 0 1 1 0 1 1 0 0 1 0 1 0 0 1 1 0
 0 0 0]"
4,0.9772643373459603,"[1 1 1 1 1 1 1 1 0 1 1 0 1 0 0 1 0 1 1 1 0 0 1 1 1 1 1 0 1 0 1 1 0 1 1 1 0
 1 0 0]"
4,0.12501573178733688,"[1 1 0 0 1 1 1 1 1 1 1 1 0 0 0 0 0 1 1 1 0 0 0 1 0 1 1 0 0 1 0 1 0 1 1 1 0
 1 0 1]"
4,0.9980854493707128,"[1 1 1 1 1 1 1 1 1 1 1 1 0 0 1 1 0 1 1 1 0 0 0 1 0 0 1 0 0 1 0 1 0 1 1 1 0
 1 0 1]"
4,0.9981997965922469,"[1 1 1 1 1 1 1 1 1 1 1 1 0 1 0 0 0 0 1 1 0 0 0 1 0 1 0 0 1 1 1 1 0 1 1 1 0
 1 0 1]"
4,0.0007098947715702995,"[0 1 1 1 1 0 1 1 1 1 1 1 1 0 1 1 0 1 1 1 0 0 0 1 1 1 1 0 1 0 1 1 1 0 1 0 0
 0 1 1]"
4,0.8439461380533234,"[1 1 1 1 1 0 1 1 1 0 1 1 0 0 0 1 0 1 1 1 0 0 1 1 1 1 1 0 0 0 0 1 1 1 1 1 0
 1 0 1]"
4,0.5123349458434605,"[1 1 1 0 1 1 1 1 0 1 1 1 0 0 0 0 0 1 1 1 0 0 1 1 0 1 1 0 0 1 1 1 0 0 1 1 0
 1 0 1]"
4,0.7243667274558847,"[1 1 1 1 0 1 1 1 1 1 1 0 0 0 0 0 0 1 1 1 0 0 1 1 0 1 1 1 1 1 0 0 0 1 1 1 0
 1 0 1]"
4,0.18038361917892023,"[1 1 0 1 0 1 1 1 1 0 1 1 0 1 0 0 0 1 1 0 1 0 0 1 0 1 1 0 0 1 0 1 0 1 0 1 0
 1 0 1]"
4,0.5207548965238248,"[1 1 1 0 1 1 1 1 1 1 0 1 0 1 0 0 0 1 1 1 0 0 1 1 0 1 1 0 1 1 0 1 0 1 1 1 0
 1 0 1]"
4,0.9964113131441436,"[1 1 1 1 1 1 1 1 1 1 1 0 1 0 0 0 0 1 1 1 0 0 0 1 0 1 1 0 1 1 1 1 1 1 1 1 0
 0 1 1]"
4,0.9996114077586321,"[1 1 1 1 1 1 1 1 1 1 1 1 1 1 0 1 0 1 1 1 0 0 1 1 1 1 1 0 1 1 1 1 1 0 1 1 0
 1 0 1]"
4,0.12467561612998107,"[1 1 0 0 1 1 1 1 1 1 1 0 0 0 0 1 1 1 1 1 0 0 0 1 0 1 0 1 1 1 1 1 1 0 1 1 0
 0 0 1]"
4,0.7271398675065359,"[1 1 1 1 0 1 1 1 1 1 1 1 1 0 0 0 1 0 1 1 0 0 1 1 1 1 1 0 1 0 1 1 0 1 1 1 0
 0 0 0]"
4,0.9229242828024256,"[1 1 1 1 1 1 0 1 1 1 1 1 0 1 0 0 0 1 1 1 0 0 1 1 0 1 1 0 0 1 0 1 0 1 1 1 0
 1 0 1]"
4,0.9671390748195073,"[1 1 1 1 1 1 1 1 0 0 1 0 0 1 0 1 0 1 1 0 0 0 1 1 1 1 1 0 0 0 0 1 1 1 0 0 1
 0 0 1]"
4,0.006083393476797121,"[1 0 0 1 1 0 0 1 1 0 1 1 0 0 0 1 0 1 1 1 0 0 1 1 0 1 0 0 1 1 1 0 1 0 1 1 0
 0 0 1]"
4,0.00047917783041660864,"[0 1 1 1 0 1 1 1 0 0 1 1 0 1 0 0 0 0 1 0 0 0 1 1 1 1 1 0 0 1 1 1 1 1 0 1 1
 0 0 1]"
4,0.9990002372931559,"[1 1 1 1 1 1 1 1 1 1 1 1 1 0 0 1 0 1 1 1 0 0 0 1 1 1 1 0 1 0 1 1 1 1 1 0 0
 0 0 1]"
4,0.9868715633753024,"[1 1 1 1 1 1 1 1 1 0 1 0 1 0 0 1 0 1 1 1 0 0 1 0 1 1 1 0 1 0 1 1 1 1 1 1 0
 0 0 0]"
4,0.7261942573740133,"[1 1 1 1 0 1 1 1 1 1 1 1 0 0 0 0 0 1 1 1 0 0 0 1 0 1 0 0 1 1 1 1 0 1 1 1 0
 1 0 1]"
4,0.9979332836240998,"[1 1 1 1 1 1 1 1 1 1 1 1 0 0 1 0 0 1 1 1 0 0 0 1 0 1 1 0 0 1 0 1 0 1 1 1 0
 1 0 1]"
4,0.9538301440417637,"[1 1 1 1 1 1 1 0 1 1 0 0 1 0 1 0 1 1 1 1 0 0 0 1 1 1 0 0 1 0 1 1 1 1 1 0 0
 0 0 0]"
4,0.9964869824434632,"[1 1 1 1 1 1 1 1 1 1 1 0 1 0 0 0 1 1 1 1 0 0 0 0 1 1 0 0 1 0 1 1 1 1 1 0 0
 0 0 1]"
4,0.9831838649750857,"[1 1 1 1 1 1 1 1 1 0 0 1 0 0 0 0 1 1 1 1 0 0 1 1 0 1 1 0 1 0 0 1 0 1 1 0 0
 0 0 0]"
4,0.5217518302082074,"[1 1 1 0 1 1 1 1 1 1 1 0 0 0 0 0 0 0 1 1 0 0 0 1 1 1 0 0 1 0 1 1 1 1 1 1 0
 0 0 1]"
4,0.9886830840701708,"[1 1 1 1 1 1 1 1 1 0 1 1 0 1 0 1 0 1 1 1 0 0 1 1 1 1 1 1 1 0 0 1 1 0 1 1 0
 0 0 1]"
4,0.9965648947586723,"[1 1 1 1 1 1 1 1 1 1 1 0 1 0 0 1 0 1 1 1 0 0 1 1 1 1 1 0 1 0 1 1 1 1 1 1 0
 0 0 0]"
4,0.5242430843519668,"[1 1 1 0 1 1 1 1 1 1 1 1 1 1 0 1 0 1 1 1 0 0 1 1 1 1 1 0 1 0 1 1 1 0 1 1 0
 1 0 1]"
4,0.9985438668616335,"[1 1 1 1 1 1 1 1 1 1 1 1 0 1 1 0 0 1 1 1 0 0 1 1 0 1 1 0 1 0 0 1 0 1 1 0 0
 1 0 1]"
step,fitness,genome
5,0.9607254735783259,"[1 1 1 1 1 1 1 0 1 1 1 1 1 0 0 1 1 1 1 1 0 0 0 1 1 1 1 0 1 0 1 1 1 1 1 0 0
 0 0 1]"
5,0.9965637056362381,"[1 1 1 1 1 1 1 1 1 1 1 0 1 0 0 1 0 1 1 1 0 0 0 1 1 1 1 0 1 0 1 1 1 0 1 0 0
 0 0 1]"
5,0.24670527787615007,"[1 1 0 1 1 1 1 0 1 0 0 1 0 0 0 0 1 1 0 0 0 0 1 1 0 1 1 0 1 0 0 1 0 1 1 1 0
 0 0 0]"
5,0.0561356206277514,"[1 0 1 1 1 1 1 1 1 1 1 1 0 0 0 0 0 1 1 1 0 0 1 1 0 1 1 0 0 1 1 1 0 0 1 1 0
 1 0 1]"
5,0.9990764653494795,"[1 1 1 1 1 1 1 1 1 1 1 1 1 0 0 1 1 1 1 1 0 0 0 1 1 1 1 0 1 0 1 1 1 1 1 1 0
 0 0 1]"
5,0.9982415033902683,"[1 1 1 1 1 1 1 1 1 1 1 1 0 1 0 0 0 1 1 1 0 1 1 1 0 1 1 0 0 1 0 1 0 0 1 0 0
 0 0 0]"
5,0.05475661167240494,"[1 0 1 1 1 1 1 1 0 1 1 1 0 1 1 0 0 1 1 0 0 0 1 1 0 1 1 0 1 0 0 1 0 1 1 0 0
 1 0 1]"
5,0.9976013621672292,"[1 1 1 1 1 1 1 1 1 1 1 1 0 0 0 0 0 1 0 0 0 0 1 1 0 1 1 0 0 1 1 1 0 0 1 1 0
 1 0 1]"
5,0.998228761406354,"[1 1 1 1 1 1 1 1 1 1 1 1 0 1 0 0 0 1 1 0 0 0 0 1 1 1 1 1 1 0 1 1 1 1 0 0 0
 1 1 1]"
5,0.2402310546360755,"[1 1 0 1 1 1 0 1 1 1 1 1 1 0 0 1 0 1 1 1 0 0 0 1 1 1 1 0 1 0 1 1 1 1 1 0 0
 0 0 1]"
5,0.5239016995309126,"[1 1 1 0 1 1 1 1 1 1 1 1 1 0 0 1 0 1 1 1 0 0 1 1 0 1 1 0 1 0 1 1 1 0 1 1 0
 1 0 1]"
5,0.9985057705390494,"[1 1 1 1 1 1 1 1 1 1 1 1 0 1 1 0 0 0 1 1 0 0 1 1 0 1 1 0 1 0 0 1 0 1 1 0 0
 1 0 1]"
5,0.26295874168256583,"[1 1 0 1 1 1 1 1 1 1 1 1 1 1 0 1 0 1 1 1 0 0 1 1 1 1 1 0 1 0 0 1 1 1 0 1 0
 1 0 1]"
5,0.9830711597803345,"[1 1 1 1 1 1 1 1 1 0 0 1 0 0 0 0 0 0 1 1 0 0 1 1 0 1 1 0 0 1 1 1 1 1 0 1 0
 0 1 0]"
5,0.9988406881087077,"[1 1 1 1 1 1 1 1 1 1 1 1 1 0 0 0 0 1 1 0 0 1 0 1 1 1 1 1 1 0 1 1 0 1 1 0 0
 0 0 1]"
5,0.055329718133610144,"[1 0 1 1 1 1 1 1 1 0 1 0 1 0 0 1 0 1 1 1 0 0 1 0 1 1 1 0 1 0 0 1 1 1 1 1 0
 0 0 0]"
5,0.9988108789066575,"[1 1 1 1 1 1 1 1 1 1 1 1 1 0 0 0 0 0 1 1 0 0 1 1 1 1 1 0 1 0 1 0 1 1 1 0 0
 0 0 1]"
5,0.9996114077404485,"[1 1 1 1 1 1 1 1 1 1 1 1 1 1 0 1 0 1 1 1 0 0 1 1 1 1 1 0 1 1 1 1 1 0 1 1 0
 0 1 1]"
5,0.9990002367116031,"[1 1 1 1 1 1 1 1 1 1 1 1 1 0 0 1 0 1 1 1 0 0 0 1 1 1 1 0 1 0 1 1 1 0 1 0 0
 0 0 1]"
5,0.9212032186712511,"[1 1 1 1 1 1 0 1 1 1 1 0 1 0 0 0 0 1 0 1 0 0 0 1 0 0 1 0 1 1 0 1 0 0 1 0 0
 1 1 1]"
5,0.7264231710989968,"[1 1 1 1 0 1 1 1 1 1 1 1 0 0 1 0 0 1 1 1 0 0 0 1 0 1 1 1 0 0 0 1 0 1 1 1 0
 1 0 1]"
5,0.9989868379968189,"[1 1 1 1 1 1 1 1 1 1 1 1 1 0 0 1 0 1 0 1 1 0 1 1 0 1 1 0 1 0 1 1 1 0 1 1 0
 1 0 1]"
5,0.8523333735757048,"[1 1 1 1 1 0 1 1 1 1 1 1 0 0 0 1 0 0 1 1 0 0 1 1 1 1 1 0 1 0 1 0 1 1 1 0 0
 0 0 1]"
5,0.5239011167891904,"[1 1 1 0 1 1 1 1 1 1 1 1 1 0 0 1 0 1 1 1 0 0 0 1 1 0 1 0 1 0 1 1 1 1 1 0 0
 0 0 1]"
5,0.9877772288809926,"[1 1 1 1 1 1 1 1 1 0 1 0 1 1 1 1 0 1 1 1 0 0 1 1 1 1 1 0 1 0 1 1 1 1 1 1 0
 0 0 0]"
5,0.9996108023199055,"[1 1 1 1 1 1 1 1 1 1 1 1 1 1 0 1 0 1 1 1 0 0 1 0 1 1 1 0 1 0 1 1 1 0 0 1 0
 1 0 1]"
5,0.23875543364740393,"[1 1 0 1 1 1 0 1 1 1 0 1 0 1 1 0 0 1 1 1 0 0 0 1 0 1 1 0 1 1 0 1 0 1 1 0 1
 0 0 1]"
5,0.9994207463595619,"[1 1 1 1 1 1 1 1 1 1 1 1 1 1 0 0 0 0 1 1 0 0 1 1 1 1 1 0 1 0 1 1 1 0 0 1 0
 1 0 0]"
5,0.7190184198064671,"[1 1 1 1 0 1 1 1 1 0 1 1 0 0 0 1 0 1 1 1 0 0 0 1 0 0 1 0 1 1 1 0 1 0 1 1 1
 1 0 0]"
5,0.9831087242921266,"[1 1 1 1 1 1 1 1 1 0 0 1 0 0 0 0 0 1 1 1 0 0 1 1 0 1 1 0 0 1 1 1 0 0 1 1 0
 1 0 1]"
5,0.8376148016584385,"[1 1 1 1 1 0 1 1 1 0 0 0 0 0 0 0 1 1 1 1 0 0 1 1 0 1 0 0 1 0 0 0 0 1 1 0 0
 1 0 0]"
5,0.05605501083324975,"[1 0 1 1 1 1 1 1 1 1 1 0 1 0 0 1 0 1 1 0 0 0 1 1 1 1 1 0 1 0 1 1 1 1 1 1 1
 0 0 0]"
5,0.9976299046047443,"[1 1 1 1 1 1 1 1 1 1 1 1 0 0 0 0 0 1 1 1 0 0 1 1 0 1 1 0 0 1 0 0 0 1 1 1 0
 1 0 1]"
5,0.5183790932988599,"[1 1 1 0 1 1 1 1 1 0 1 1 1 0 0 0 0 1 1 0 0 0 0 1 1 1 1 1 1 0 1 1 1 1 0 0 1
 0 0 1]"
5,0.992920104142687,"[1 1 1 1 1 1 1 1 1 1 0 1 0 0 0 1 0 1 1 1 0 0 1 1 1 1 1 0 0 1 0 0 0 1 1 0 0
 1 0 1]"
5,0.9997636401035663,"[1 1 1 1 1 1 1 1 1 1 1 1 1 1 1 0 0 1 1 1 0 0 1 1 0 1 1 0 1 0 0 1 0 1 1 0 0
 1 0 1]"
5,0.980332636348623,"[1 1 1 1 1 1 1 1 0 1 1 1 1 1 0 1 1 1 1 1 0 0 1 1 1 1 1 0 1 0 1 1 1 0 1 1 1
 1 0 1]"
5,0.05616444746307347,"[1 0 1 1 1 1 1 1 1 1 1 1 0 0 1 0 1 1 1 1 1 0 0 1 0 0 1 1 0 1 0 1 0 1 1 1 0
 1 0 1]"
5,0.9996111005297128,"[1 1 1 1 1 1 1 1 1 1 1 1 1 1 0 1 0 1 1 1 0 0 1 1 0 1 1 0 1 0 1 1 1 0 1 1 0
 1 0 1]"
5,0.9990014372917394,"[1 1 1 1 1 1 1 1 1 1 1 1 1 0 0 1 0 1 1 1 0 0 1 1 1 1 1 0 1 1 1 1 1 0 1 1 1
 1 0 1]"
5,0.9990010557200364,"[1 1 1 1 1 1 1 1 1 1 1 1 1 0 0 1 0 1 1 1 0 0 1 1 0 1 0 0 1 0 1 1 1 0 1 1 0
 1 0 1]"
5,0.9879977001853658,"[1 1 1 1 1 1 1 1 1 0 1 1 0 0 0 0 1 1 1 0 1 0 0 1 1 1 1 0 0 0 1 1 1 1 1 0 1
 1 0 0]"
5,0.9927662996520024,"[1 1 1 1 1 1 1 1 1 1 0 1 0 0 0 0 0 1 1 1 0 0 0 0 0 0 1 0 1 1 0 1 0 1 1 1 0
 1 1 1]"
5,0.9982010355694618,"[1 1 1 1 1 1 1 1 1 1 1 1 0 1 0 0 0 0 1 1 0 0 1 1 0 1 1 0 0 1 0 0 0 1 1 1 0
 1 0 1]"
5,0.9880774716166485,"[1 1 1 1 1 1 1 1 1 0 1 1 0 0 0 1 0 1 1 1 0 0 0 1 0 0 1 0 1 1 1 0 1 0 0 1 1
 0 0 1]"
5,0.055918951106657525,"[1 0 1 1 1 1 1 1 1 1 0 1 1 1 0 1 0 1 1 1 0 0 1 1 1 1 0 0 1 0 1 1 1 0 0 1 0
 1 0 1]"
5,0.9927298821314238,"[1 1 1 1 1 1 1 1 1 1 0 1 0 0 0 0 0 0 1 1 0 0 1 0 1 0 1 0 1 1 0 1 0 1 1 1 0
 1 1 1]"
5,0.5231771854966809,"[1 1 1 0 1 1 1 1 1 1 1 1 0 0 0 0 1 1 1 1 0 0 1 1 0 0 1 0 0 1 1 1 0 0 1 1 0
 1 0 1]"
5,0.7216237215188632,"[1 1 1 1 0 1 1 1 1 1 0 0 1 0 0 0 0 1 1 0 0 0 0 1 0 1 1 0 1 1 1 1 1 0 1 1 0
 1 1 0]"
5,0.26236452729565457,"[1 1 0 1 1 1 1 1 1 1 1 1 0 0 0 0 0 1 1 1 1 0 1 1 0 1 1 0 0 1 0 0 0 1 1 1 0
 0 0 1]"
step,fitness,genome
6,0.9736831514196066,"[1 1 1 1 1 1 1 1 0 1 0 1 0 0 0 1 0 1 1 1 0 0 1 1 1 1 1 0 0 1 0 0 0 1 1 0 0
 1 0 1]"
6,0.9988403903964935,"[1 1 1 1 1 1 1 1 1 1 1 1 1 0 0 0 0 1 1 0 0 1 0 1 0 1 1 1 1 0 1 1 0 1 1 0 0
 0 0 1]"
6,0.9933445803294609,"[1 1 1 1 1 1 1 1 1 1 0 1 0 1 0 0 0 1 0 0 0 0 0 0 0 1 1 1 1 0 0 1 1 1 0 0 0
 1 1 1]"
6,0.9990014372917394,"[1 1 1 1 1 1 1 1 1 1 1 1 1 0 0 1 0 1 1 1 0 0 1 1 1 1 1 0 1 1 1 1 1 0 1 1 1
 1 0 1]"
6,0.055924629861363435,"[1 0 1 1 1 1 1 1 1 1 0 1 1 1 0 1 1 1 1 1 0 0 1 1 0 1 1 1 1 0 1 1 1 0 1 1 0
 1 0 1]"
6,0.9898819384735124,"[1 1 1 1 1 1 1 1 1 0 1 1 1 1 0 1 0 1 1 0 0 0 1 0 1 1 1 0 1 0 1 1 1 0 0 0 0
 1 0 1]"
6,0.9242030292722914,"[1 1 1 1 1 1 0 1 1 1 1 1 1 1 0 1 0 1 1 1 0 0 1 1 1 1 1 0 1 1 1 1 1 0 1 1 0
 0 1 1]"
6,0.9794711358765343,"[1 1 1 1 1 1 1 1 0 1 1 1 1 0 0 0 0 0 1 1 0 0 1 1 1 1 1 0 1 0 0 0 1 1 1 0 0
 0 0 1]"
6,0.9972493285510348,"[1 1 1 1 1 1 1 1 1 1 1 0 1 1 0 1 1 1 1 1 0 0 1 1 0 1 1 0 1 0 1 0 1 0 1 1 0
 1 0 1]"
6,0.999425512328134,"[1 1 1 1 1 1 1 1 1 1 1 1 1 1 0 0 0 0 1 1 1 0 1 1 1 1 1 0 1 0 1 1 1 0 0 1 1
 1 0 0]"
6,0.9996114054129565,"[1 1 1 1 1 1 1 1 1 1 1 1 1 1 0 1 0 1 1 1 0 0 1 1 1 1 1 0 1 1 1 0 1 0 1 1 0
 0 1 1]"
6,0.7885470004507428,"[1 1 1 1 1 0 0 1 1 1 1 1 1 1 0 1 0 1 1 1 0 0 1 1 1 1 1 0 1 1 0 1 1 0 1 1 0
 0 1 1]"
6,0.8539370635912851,"[1 1 1 1 1 0 1 1 1 1 1 1 1 1 0 1 0 1 0 1 0 0 1 1 1 1 1 0 1 1 1 1 1 0 1 1 0
 0 1 1]"
6,0.9996114077404485,"[1 1 1 1 1 1 1 1 1 1 1 1 1 1 0 1 0 1 1 1 0 0 1 1 1 1 1 0 1 1 1 1 1 0 1 1 0
 0 1 1]"
6,0.9940957743938237,"[1 1 1 1 1 1 1 1 1 1 0 1 1 0 0 1 0 0 1 1 0 0 1 1 1 1 1 0 1 1 1 1 1 0 0 1 1
 1 0 1]"
6,0.9997624482648999,"[1 1 1 1 1 1 1 1 1 1 1 1 1 1 1 0 0 1 1 1 0 0 0 1 0 1 1 0 1 0 0 1 0 1 1 0 0
 1 0 1]"
6,0.853390846062964,"[1 1 1 1 1 0 1 1 1 1 1 1 1 0 0 1 0 0 1 1 0 0 1 1 0 1 0 0 1 0 1 1 1 0 1 1 0
 1 0 1]"
6,0.8376148016739471,"[1 1 1 1 1 0 1 1 1 0 0 0 0 0 0 0 1 1 1 1 0 0 1 1 0 1 0 0 1 0 0 0 0 1 1 0 0
 1 1 0]"
6,0.9997687101059944,"[1 1 1 1 1 1 1 1 1 1 1 1 1 1 1 0 0 1 1 1 1 0 1 1 1 1 1 0 1 0 1 1 0 1 1 0 0
 1 1 1]"
6,0.9993063806752932,"[1 1 1 1 1 1 1 1 1 1 1 1 1 0 1 1 0 1 1 1 0 0 1 1 1 1 1 0 1 1 1 1 1 0 1 1 1
 1 0 1]"
6,0.7276760530841057,"[1 1 1 1 0 1 1 1 1 1 1 1 1 1 0 1 0 1 1 0 0 0 0 1 1 1 0 1 1 0 1 1 1 1 1 0 0
 0 1 1]"
6,0.9928431319051543,"[1 1 1 1 1 1 1 1 1 1 0 1 0 0 0 0 1 1 1 1 0 0 0 1 1 1 1 0 1 0 1 1 1 1 0 1 0
 1 0 1]"
6,0.9971729262413143,"[1 1 1 1 1 1 1 1 1 1 1 0 1 1 0 1 0 1 1 1 0 0 1 0 1 1 1 0 1 0 0 1 1 0 0 1 0
 1 0 1]"
6,0.9612442003937997,"[1 1 1 1 1 1 1 0 1 1 1 1 1 1 0 1 0 1 1 1 0 1 1 1 1 1 1 0 1 1 1 1 1 0 1 1 0
 0 1 1]"
6,0.9996114075949804,"[1 1 1 1 1 1 1 1 1 1 1 1 1 1 0 1 0 1 1 1 0 0 1 1 1 1 1 0 1 1 1 1 1 0 1 0 0
 0 1 1]"
6,0.9989868379968189,"[1 1 1 1 1 1 1 1 1 1 1 1 1 0 0 1 0 1 0 1 1 0 1 1 0 1 1 0 1 0 1 1 1 0 1 1 0
 1 0 1]"
6,0.9982318376573298,"[1 1 1 1 1 1 1 1 1 1 1 1 0 1 0 0 0 1 1 0 0 1 1 1 0 0 1 0 0 1 1 1 0 0 1 0 0
 0 0 0]"
6,0.9965637056362381,"[1 1 1 1 1 1 1 1 1 1 1 0 1 0 0 1 0 1 1 1 0 0 0 1 1 1 1 0 1 0 1 1 1 0 1 0 0
 0 0 1]"
6,0.9951907799913101,"[1 1 1 1 1 1 1 1 1 1 1 0 0 0 0 0 0 1 1 0 1 0 0 1 1 1 1 1 0 0 1 1 1 1 1 0 1
 1 0 0]"
6,0.5241363903414776,"[1 1 1 0 1 1 1 1 1 1 1 1 1 1 0 0 0 0 1 1 0 0 1 1 1 1 0 0 1 0 1 1 1 0 0 1 0
 1 0 0]"
6,0.2390687127322569,"[1 1 0 1 1 1 0 1 1 1 0 1 1 1 0 1 1 1 1 0 0 0 1 1 1 1 1 0 1 1 0 1 1 0 1 1 0
 0 1 0]"
6,0.05611277632827701,"[1 0 1 1 1 1 1 1 1 1 1 0 1 1 1 0 0 1 1 1 0 0 1 1 0 1 1 0 1 0 0 1 0 1 1 0 1
 1 0 1]"
6,0.9994207463595619,"[1 1 1 1 1 1 1 1 1 1 1 1 1 1 0 0 0 0 1 1 0 0 1 1 1 1 1 0 1 0 1 1 1 0 0 1 0
 1 0 0]"
6,0.9880774716166485,"[1 1 1 1 1 1 1 1 1 0 1 1 0 0 0 1 0 1 1 1 0 0 0 1 0 0 1 0 1 1 1 0 1 0 0 1 1
 0 0 1]"
6,0.997601361867744,"[1 1 1 1 1 1 1 1 1 1 1 1 0 0 0 0 0 1 0 0 0 0 1 1 0 1 1 0 0 1 1 1 0 0 0 1 0
 1 0 0]"
6,0.8481468664300579,"[1 1 1 1 1 0 1 1 1 1 0 1 0 0 0 1 0 1 1 1 0 0 1 1 1 1 1 0 0 1 0 0 0 1 1 0 0
 1 0 1]"
6,0.7261951878713351,"[1 1 1 1 0 1 1 1 1 1 1 1 0 0 0 0 0 1 1 1 0 0 1 1 0 1 1 0 0 1 0 0 0 1 1 1 0
 1 0 1]"
6,0.9997634911236631,"[1 1 1 1 1 1 1 1 1 1 1 1 1 1 1 0 0 1 1 1 0 0 1 1 0 0 1 0 1 0 0 1 0 1 1 0 0
 1 0 1]"
6,0.05294167984502687,"[1 0 1 1 1 1 1 0 1 1 0 1 0 0 0 1 0 1 1 1 0 0 1 1 1 1 1 0 0 1 0 0 0 1 1 0 0
 1 0 1]"
6,0.0009758083168238142,"[0 1 1 1 1 1 1 1 1 1 1 1 1 1 0 1 0 1 1 1 0 1 1 1 1 1 1 0 1 1 1 1 1 0 1 1 0
 0 1 1]"
6,0.03619278405275368,"[1 0 1 1 0 1 1 1 1 0 1 1 0 0 1 0 0 1 1 1 0 0 0 1 0 1 1 0 0 0 0 1 1 1 1 1 0
 1 1 1]"
6,0.523476780879238,"[1 1 1 0 1 1 1 1 1 1 1 1 0 1 0 0 0 1 1 1 0 1 1 1 0 1 1 0 0 1 0 1 0 0 1 0 0
 0 0 0]"
6,0.9976010647874872,"[1 1 1 1 1 1 1 1 1 1 1 1 0 0 0 0 0 1 0 0 0 0 1 0 1 1 1 0 0 1 1 1 0 0 1 1 0
 1 0 1]"
6,0.9996114077313568,"[1 1 1 1 1 1 1 1 1 1 1 1 1 1 0 1 0 1 1 1 0 0 1 1 1 1 1 0 1 1 1 1 1 0 1 1 0
 0 1 0]"
6,0.9990665271366159,"[1 1 1 1 1 1 1 1 1 1 1 1 1 0 0 1 1 1 1 0 0 0 0 1 0 0 1 1 1 0 1 1 1 1 1 1 0
 0 0 1]"
6,0.9993718793358225,"[1 1 1 1 1 1 1 1 1 1 1 1 1 0 1 1 1 1 1 0 0 0 0 1 1 1 1 0 0 0 1 1 1 1 1 1 0
 0 0 1]"
6,0.999573274763934,"[1 1 1 1 1 1 1 1 1 1 1 1 1 1 0 1 0 0 1 1 0 0 1 1 1 1 1 0 1 1 1 1 1 0 1 1 0
 0 1 1]"
6,0.997780258418109,"[1 1 1 1 1 1 1 1 1 1 1 1 0 0 0 1 0 1 1 1 0 0 0 0 0 0 1 0 1 0 1 0 1 0 0 1 1
 0 0 1]"
6,0.9997636400944734,"[1 1 1 1 1 1 1 1 1 1 1 1 1 1 1 0 0 1 1 1 0 0 1 1 0 1 1 0 1 0 0 1 0 1 1 0 0
 1 0 0]"
6,0.7121340445618038,"[1 1 1 1 0 1 1 1 0 1 1 1 0 1 0 0 0 1 1 1 0 1 1 1 0 1 1 0 0 1 0 1 0 1 0 0 0
 0 0 1]"
step,fitness,genome
7,0.8537478049976324,"[1 1 1 1 1 0 1 1 1 1 1 1 1 0 1 1 1 1 1 0 0 1 0 1 1 1 1 0 0 0 1 1 1 1 1 1 0
 0 1 1]"
7,0.9994207463595619,"[1 1 1 1 1 1 1 1 1 1 1 1 1 1 0 0 0 0 1 1 0 0 1 1 1 1 1 0 1 0 1 1 1 0 0 1 0
 1 0 0]"
7,0.9989680147722492,"[1 1 1 1 1 1 1 1 1 1 1 1 1 0 0 1 0 0 1 1 1 0 1 1 1 1 0 0 1 1 1 1 1 0 1 1 1
 1 1 1]"
7,0.999425512328134,"[1 1 1 1 1 1 1 1 1 1 1 1 1 1 0 0 0 0 1 1 1 0 1 1 1 1 1 0 1 0 1 1 1 0 0 1 1
 1 0 0]"
7,0.0002563151398157799,"[0 1 1 0 1 1 1 1 1 1 1 1 1 0 0 1 0 1 0 1 1 0 1 1 0 1 1 0 1 0 1 1 1 0 1 1 0
 1 0 1]"
7,0.921931324449761,"[1 1 1 1 1 1 0 1 1 1 1 0 1 1 0 1 0 1 1 1 0 0 1 1 1 1 1 0 1 0 1 0 1 0 1 1 1
 0 1 1]"
7,0.980220238043029,"[1 1 1 1 1 1 1 1 0 1 1 1 1 1 0 1 0 0 1 1 0 0 1 1 1 1 1 0 1 1 1 1 1 0 1 1 1
 0 1 1]"
7,0.9997636400944734,"[1 1 1 1 1 1 1 1 1 1 1 1 1 1 1 0 0 1 1 1 0 0 1 1 0 1 1 0 1 0 0 1 0 1 1 0 0
 1 0 0]"
7,0.8655338215189685,"[1 1 1 1 1 1 0 0 0 1 0 1 0 1 0 0 0 1 1 0 0 1 1 1 0 0 1 0 0 1 1 1 0 0 1 0 0
 0 0 0]"
7,0.2629028611417541,"[1 1 0 1 1 1 1 1 1 1 1 1 1 1 0 0 0 0 1 1 1 0 1 1 1 1 1 0 1 1 1 1 1 0 0 1 1
 1 0 0]"
7,0.2621930529119294,"[1 1 0 1 1 1 1 1 1 1 1 0 1 1 0 0 1 0 1 1 1 0 1 1 1 1 1 0 1 0 1 1 1 0 0 1 1
 1 0 0]"
7,0.9994255122917731,"[1 1 1 1 1 1 1 1 1 1 1 1 1 1 0 0 0 0 1 1 1 0 1 1 1 1 1 0 1 0 1 1 1 0 0 1 1
 0 0 0]"
7,0.8541852976813467,"[1 1 1 1 1 0 1 1 1 1 1 1 1 1 1 1 0 0 1 1 0 0 1 1 1 1 1 0 1 1 1 1 1 0 1 1 0
 0 1 1]"
7,5.4936695662183285e-05,"[0 1 0 1 1 1 1 1 1 1 1 1 1 1 0 1 0 1 1 1 0 0 1 1 1 1 1 0 1 1 0 1 1 0 1 1 0
 0 0 1]"
7,0.9994207463595619,"[1 1 1 1 1 1 1 1 1 1 1 1 1 1 0 0 0 0 1 1 0 0 1 1 1 1 1 0 1 0 1 1 1 0 0 1 0
 1 0 0]"
7,0.9977805651405461,"[1 1 1 1 1 1 1 1 1 1 1 1 0 0 0 1 0 1 1 1 0 0 0 0 1 0 1 0 1 1 1 0 1 0 0 1 1
 0 0 1]"
7,0.9934962736130657,"[1 1 1 1 1 1 1 1 1 1 0 1 0 1 0 1 0 1 0 0 0 0 0 0 0 1 1 1 1 1 0 1 1 1 0 0 0
 1 1 1]"
7,0.9994970031477153,"[1 1 1 1 1 1 1 1 1 1 1 1 1 1 0 0 1 0 1 1 0 0 1 1 1 1 1 0 1 0 1 1 1 0 0 1 0
 1 0 0]"
7,0.0002565718033264832,"[0 1 1 0 1 1 1 1 1 1 1 1 1 1 0 0 0 0 1 1 1 0 0 1 1 1 1 0 1 0 1 1 1 0 0 1 1
 1 0 0]"
7,0.9997687071962172,"[1 1 1 1 1 1 1 1 1 1 1 1 1 1 1 0 0 1 1 1 1 0 1 1 1 1 1 0 1 0 1 0 0 0 1 0 0
 1 1 1]"
7,0.045606607074138106,"[1 0 1 1 1 0 1 1 1 1 1 1 1 1 1 0 0 1 0 1 0 0 1 1 0 1 1 0 1 0 0 1 0 1 1 0 0
 1 0 0]"
7,0.9994112151746316,"[1 1 1 1 1 1 1 1 1 1 1 1 1 1 0 0 0 0 1 0 0 0 1 1 1 1 1 0 1 0 1 1 1 1 0 1 0
 0 0 0]"
7,0.9239087786263882,"[1 1 1 1 1 1 0 1 1 1 1 1 1 0 1 1 0 1 1 0 0 0 0 1 1 1 1 0 0 1 0 1 0 1 1 0 0
 0 0 1]"
7,0.9804072705234269,"[1 1 1 1 1 1 1 1 0 1 1 1 1 1 1 0 0 1 1 1 0 0 1 1 0 1 1 0 0 0 1 1 1 1 1 1 0
 1 0 1]"
7,0.9997687071962172,"[1 1 1 1 1 1 1 1 1 1 1 1 1 1 1 0 0 1 1 1 1 0 1 1 1 1 1 0 1 0 1 0 0 0 1 0 0
 1 1 1]"
7,0.837158895291788,"[1 1 1 1 1 0 1 1 0 1 1 1 1 1 0 1 0 1 1 1 0 0 0 1 1 1 1 0 1 1 1 0 1 0 1 1 0
 0 1 1]"
7,0.24040054156184976,"[1 1 0 1 1 1 0 1 1 1 1 1 1 1 0 1 0 1 1 1 0 0 1 1 1 1 1 0 1 1 1 0 1 0 1 1 0
 0 1 1]"
7,0.9988200989552063,"[1 1 1 1 1 1 1 1 1 1 1 1 1 0 0 0 0 1 0 0 0 0 1 1 0 1 1 0 0 1 1 1 0 0 0 1 0
 1 1 0]"
7,0.9613877120969888,"[1 1 1 1 1 1 1 0 1 1 1 1 1 1 1 0 0 1 1 1 0 0 0 1 0 1 1 0 1 0 0 1 0 1 1 0 0
 1 0 1]"
7,0.9997627462244466,"[1 1 1 1 1 1 1 1 1 1 1 1 1 1 1 0 0 1 1 1 0 0 0 1 1 1 1 0 1 0 0 1 0 1 1 0 0
 1 0 1]"
7,0.8206560555066796,"[1 1 1 1 1 0 1 0 1 1 1 1 1 1 0 1 0 1 1 0 0 0 1 1 1 1 1 0 1 1 1 1 1 0 1 1 0
 0 1 0]"
7,0.9991523947739414,"[1 1 1 1 1 1 1 1 1 1 1 1 1 0 1 0 0 1 1 1 0 0 0 1 0 1 1 0 1 0 0 1 0 1 1 0 0
 1 0 1]"
7,0.9947030476222828,"[1 1 1 1 1 1 1 1 1 1 0 1 1 1 0 1 0 0 1 1 0 0 1 1 1 1 1 0 1 1 1 1 0 0 1 1 0
 0 1 1]"
7,0.056284339071378045,"[1 0 1 1 1 1 1 1 1 1 1 1 1 1 0 1 0 1 1 1 0 0 1 1 1 1 1 0 1 1 1 1 1 0 1 0 0
 0 1 1]"
7,0.7277412361963667,"[1 1 1 1 0 1 1 1 1 1 1 1 1 1 0 1 1 1 1 1 0 0 1 1 0 1 1 0 1 1 1 1 1 0 1 0 0
 0 1 1]"
7,0.9848945992725467,"[1 1 1 1 1 1 1 1 1 0 0 1 1 1 0 0 0 1 0 1 0 0 1 1 0 1 1 0 1 0 0 1 0 1 1 0 0
 1 0 0]"
7,0.9997634911236631,"[1 1 1 1 1 1 1 1 1 1 1 1 1 1 1 0 0 1 1 1 0 0 1 1 0 0 1 0 1 0 0 1 0 1 1 0 0
 1 0 1]"
7,0.26222592916279386,"[1 1 0 1 1 1 1 1 1 1 1 0 1 1 0 1 0 1 1 1 0 0 1 1 1 1 1 0 1 0 1 1 1 0 1 1 0
 0 1 0]"
7,0.9997684074619266,"[1 1 1 1 1 1 1 1 1 1 1 1 1 1 1 0 0 1 1 1 1 0 1 1 0 1 1 0 1 0 0 1 0 1 1 0 0
 1 0 0]"
7,0.9968311387056271,"[1 1 1 1 1 1 1 1 1 1 1 0 1 0 1 1 0 0 1 1 0 0 1 1 1 1 1 0 1 1 1 1 1 0 1 1 1
 1 0 1]"
7,0.998933132921889,"[1 1 1 1 1 1 1 1 1 1 1 1 1 0 0 1 0 0 0 0 0 0 0 1 0 0 1 1 1 0 1 1 1 1 1 1 0
 0 0 1]"
7,0.9993063806752932,"[1 1 1 1 1 1 1 1 1 1 1 1 1 0 1 1 0 1 1 1 0 0 1 1 1 1 1 0 1 1 1 1 1 0 1 1 1
 1 0 1]"
7,0.9951907880326579,"[1 1 1 1 1 1 1 1 1 1 1 0 0 0 0 0 0 1 1 0 1 0 0 1 1 1 1 1 0 1 1 1 0 1 1 0 0
 1 0 0]"
7,0.9880774716166485,"[1 1 1 1 1 1 1 1 1 0 1 1 0 0 0 1 0 1 1 1 0 0 0 1 0 0 1 0 1 1 1 0 1 0 0 1 1
 0 0 1]"
7,0.9983175333142995,"[1 1 1 1 1 1 1 1 1 1 1 1 0 1 0 0 1 1 1 1 0 1 1 1 0 0 1 0 0 1 1 0 0 1 1 0 0
 0 0 0]"
7,0.9991047944044087,"[1 1 1 1 1 1 1 1 1 1 1 1 1 0 1 0 0 0 1 0 0 0 0 1 0 1 1 1 1 1 0 1 0 0 1 0 0
 1 0 1]"
7,0.9983918016695663,"[1 1 1 1 1 1 1 1 1 1 1 1 0 1 0 1 0 1 1 1 0 0 1 1 1 1 1 0 1 1 1 1 1 0 1 1 0
 0 1 1]"
7,0.056307235421490166,"[1 0 1 1 1 1 1 1 1 1 1 1 1 1 1 1 0 1 1 1 0 0 1 1 1 0 1 0 1 1 1 1 1 0 1 0 0
 0 1 1]"
7,0.3735003893547752,"[1 1 1 0 0 1 1 1 1 1 1 1 1 1 0 1 0 1 1 0 1 0 0 1 1 1 0 1 1 0 1 1 1 1 1 0 1
 0 1 1]"
7,0.0006536234072944509,"[0 1 1 1 1 0 1 0 1 1 1 1 0 1 1 0 0 1 1 0 0 1 1 1 0 0 1 0 0 1 1 1 0 0 1 0 0
 0 0 0]"
step,fitness,genome
8,0.0009754128344062939,"[0 1 1 1 1 1 1 1 1 1 1 1 1 1 0 0 0 0 1 0 0 0 1 1 1 1 1 0 1 0 1 1 1 1 0 1 0
 1 0 0]"
8,0.9956145861819272,"[1 1 1 1 1 1 1 1 1 1 1 0 0 0 1 1 0 0 1 1 0 0 1 1 1 1 1 0 1 1 1 1 1 0 1 1 1
 1 0 1]"
8,0.9993110341000351,"[1 1 1 1 1 1 1 1 1 1 1 1 1 0 1 1 0 1 1 1 1 0 1 1 1 0 1 1 1 1 1 1 1 0 0 1 1
 1 0 1]"
8,0.3684820833535177,"[1 1 1 0 0 1 1 1 1 0 1 0 1 1 0 1 0 0 1 0 0 0 0 1 1 1 0 0 1 0 1 1 1 1 1 0 1
 0 1 1]"
8,0.9948973279245588,"[1 1 1 1 1 1 1 1 1 1 0 1 1 1 1 0 0 1 1 1 1 0 1 1 0 1 1 0 1 0 1 0 0 1 1 0 0
 1 0 0]"
8,0.2562499856053215,"[1 1 0 1 1 1 1 1 0 1 1 0 1 0 0 1 0 1 1 1 0 0 1 1 1 1 1 0 0 1 1 1 1 0 1 1 1
 1 0 1]"
8,0.9987010280111652,"[1 1 1 1 1 1 1 1 1 1 1 1 0 1 1 1 0 1 1 1 1 0 1 1 0 1 1 0 1 0 0 1 0 1 1 0 0
 1 0 0]"
8,0.8885948151169675,"[1 1 1 1 1 1 0 0 1 1 1 1 1 1 1 0 0 1 1 1 1 0 1 1 0 1 1 0 1 0 0 1 0 1 1 0 0
 1 0 0]"
8,0.998848981889952,"[1 1 1 1 1 1 1 1 1 1 1 1 1 0 0 0 0 1 1 1 0 0 1 1 1 1 1 0 1 0 0 1 0 0 1 1 1
 1 0 1]"
8,0.9615352994595553,"[1 1 1 1 1 1 1 0 1 1 1 1 1 1 1 1 0 1 1 1 0 0 0 1 1 1 1 0 1 1 1 1 1 1 1 0 0
 1 0 1]"
8,0.9995005778858699,"[1 1 1 1 1 1 1 1 1 1 1 1 1 1 0 0 1 0 1 1 1 0 0 1 1 1 1 0 1 0 1 1 1 0 0 1 1
 1 0 0]"
8,0.9986216935027039,"[1 1 1 1 1 1 1 1 1 1 1 1 0 1 1 0 1 1 1 1 0 1 1 0 0 0 1 0 0 1 1 0 0 1 1 0 0
 0 0 0]"
8,0.9994572679239753,"[1 1 1 1 1 1 1 1 1 1 1 1 1 1 0 0 0 1 1 1 0 0 0 1 0 0 1 1 1 0 0 1 0 1 1 0 0
 1 0 1]"
8,0.9600645105123857,"[1 1 1 1 1 1 1 0 1 1 1 1 0 1 0 1 0 1 1 1 0 0 1 1 1 1 1 0 1 1 1 1 1 0 1 1 0
 0 1 1]"
8,0.9999161952338401,"[1 1 1 1 1 1 1 1 1 1 1 1 1 1 1 1 0 1 1 1 0 0 1 1 0 1 1 0 0 1 0 0 1 1 0 0 0
 1 0 0]"
8,0.9976282842491535,"[1 1 1 1 1 1 1 1 1 1 1 1 0 0 0 0 0 1 1 1 0 0 0 0 1 0 1 0 1 0 1 1 0 0 0 0 1
 0 0 0]"
8,0.7272005615706416,"[1 1 1 1 0 1 1 1 1 1 1 1 1 0 0 1 0 0 1 1 1 0 1 1 1 0 0 0 1 1 1 1 1 0 1 1 1
 1 1 1]"
8,0.9994207463595619,"[1 1 1 1 1 1 1 1 1 1 1 1 1 1 0 0 0 0 1 1 0 0 1 1 1 1 1 0 1 0 1 1 1 0 0 1 0
 1 0 0]"
8,0.26289813475790225,"[1 1 0 1 1 1 1 1 1 1 1 1 1 1 0 0 0 0 1 0 0 0 0 1 1 0 0 0 1 0 1 1 1 1 0 1 0
 0 0 0]"
8,0.9996495322886125,"[1 1 1 1 1 1 1 1 1 1 1 1 1 1 0 1 1 0 1 1 0 0 1 1 1 1 1 0 1 0 1 1 1 0 0 0 0
 1 0 0]"
8,0.2630503828048397,"[1 1 0 1 1 1 1 1 1 1 1 1 1 1 1 1 0 1 1 1 0 0 1 1 0 1 1 0 1 0 0 1 0 0 1 0 0
 1 0 0]"
8,0.0009553202106119432,"[0 1 1 1 1 1 1 1 1 0 1 1 1 0 0 0 0 0 0 0 0 0 1 1 1 1 1 0 0 1 1 1 0 0 0 1 0
 0 1 0]"
8,0.9239087787619029,"[1 1 1 1 1 1 0 1 1 1 1 1 1 0 1 1 0 1 1 0 0 0 0 1 1 1 1 0 0 1 0 1 0 1 1 1 0
 0 0 1]"
8,0.0009704654884112087,"[0 1 1 1 1 1 1 1 1 1 1 0 1 0 1 1 0 1 1 1 1 0 1 1 1 1 1 0 1 1 1 1 0 0 1 0 1
 1 0 1]"
8,0.9991810294956008,"[1 1 1 1 1 1 1 1 1 1 1 1 1 0 1 0 1 0 1 0 0 0 0 1 0 1 1 1 1 1 0 1 0 0 1 0 0
 1 0 1]"
8,0.9995780085213845,"[1 1 1 1 1 1 1 1 1 1 1 1 1 1 0 1 0 0 1 1 1 0 1 1 1 1 1 0 0 0 0 1 1 0 0 1 1
 1 0 0]"
8,0.9784307441195575,"[1 1 1 1 1 1 1 1 0 1 1 1 0 0 0 1 0 1 0 0 0 0 0 0 1 0 1 0 1 1 1 0 0 0 0 1 1
 0 0 1]"
8,0.9988870768502962,"[1 1 1 1 1 1 1 1 1 1 1 1 1 0 0 0 1 0 1 1 0 0 1 1 1 1 1 0 0 0 1 1 1 0 0 1 0
 1 1 0]"
8,0.8538253670717627,"[1 1 1 1 1 0 1 1 1 1 1 1 1 1 0 0 0 1 1 1 1 0 1 1 1 1 1 0 1 0 0 1 1 0 0 1 0
 1 0 0]"
8,0.9997627462244466,"[1 1 1 1 1 1 1 1 1 1 1 1 1 1 1 0 0 1 1 1 0 0 0 1 1 1 1 0 1 0 0 1 0 1 1 0 0
 1 0 1]"
8,0.999271757370946,"[1 1 1 1 1 1 1 1 1 1 1 1 1 0 1 1 0 0 1 1 1 0 0 1 1 1 0 0 1 1 1 1 1 0 0 1 1
 1 1 1]"
8,0.9967155296623691,"[1 1 1 1 1 1 1 1 1 1 1 0 1 0 1 0 0 1 1 1 0 0 0 1 0 1 1 0 1 0 0 1 0 1 1 0 0
 1 0 1]"
8,0.9997634911236631,"[1 1 1 1 1 1 1 1 1 1 1 1 1 1 1 0 0 1 1 1 0 0 1 1 0 0 1 0 1 0 0 1 0 1 1 0 0
 1 0 1]"
8,0.9897029966088755,"[1 1 1 1 1 1 1 1 1 0 1 1 1 1 0 0 0 0 1 1 0 0 1 1 1 1 1 0 1 0 1 1 1 0 0 1 1
 1 0 0]"
8,0.9997210344295012,"[1 1 1 1 1 1 1 1 1 1 1 1 1 1 1 0 0 0 1 0 1 0 1 1 1 1 1 0 1 0 1 0 0 0 1 0 0
 1 1 1]"
8,0.2403912861022207,"[1 1 0 1 1 1 0 1 1 1 1 1 1 1 0 1 0 0 1 1 1 0 1 1 1 1 1 0 1 0 1 1 1 0 0 0 1
 1 0 0]"
8,0.023580785090332804,"[1 0 1 0 1 1 1 1 1 1 1 1 1 1 1 0 0 0 1 1 1 1 1 1 1 1 0 0 1 0 1 0 0 0 1 1 0
 1 0 1]"
8,0.05343125544373246,"[1 0 1 1 1 1 1 0 1 1 1 1 1 1 1 0 0 1 1 1 0 0 0 0 0 1 1 0 1 0 0 1 0 1 1 0 0
 1 0 1]"
8,0.9994873939732508,"[1 1 1 1 1 1 1 1 1 1 1 1 1 1 0 0 1 0 1 0 0 0 1 1 1 1 0 0 1 0 1 0 1 0 0 1 0
 1 0 1]"
8,0.7277985704299146,"[1 1 1 1 0 1 1 1 1 1 1 1 1 1 1 0 0 1 1 1 0 0 1 1 0 1 1 1 1 0 0 1 0 1 1 0 0
 1 0 0]"
8,0.8519367442288275,"[1 1 1 1 1 0 1 1 1 1 1 0 1 1 1 0 0 0 1 1 0 0 1 1 0 1 1 0 1 0 0 1 0 1 1 0 0
 1 0 0]"
8,0.9991059852466447,"[1 1 1 1 1 1 1 1 1 1 1 1 1 0 1 0 0 0 1 0 0 0 1 1 0 1 1 1 1 1 0 1 0 0 0 0 0
 1 0 1]"
8,0.9994252144590442,"[1 1 1 1 1 1 1 1 1 1 1 1 1 1 0 0 0 0 1 1 1 0 1 1 0 1 1 0 1 0 1 1 1 0 0 1 1
 1 0 0]"
8,0.524331085083633,"[1 1 1 0 1 1 1 1 1 1 1 1 1 1 1 0 0 1 1 1 1 0 1 1 1 1 1 0 1 0 1 0 0 0 1 0 0
 1 1 1]"
8,0.9997627462426326,"[1 1 1 1 1 1 1 1 1 1 1 1 1 1 1 0 0 1 1 1 0 0 0 1 1 1 1 0 1 0 0 1 0 1 1 0 0
 1 1 1]"
8,0.9994584222004606,"[1 1 1 1 1 1 1 1 1 1 1 1 1 1 0 0 0 1 1 1 0 0 1 1 0 0 1 0 1 0 0 1 0 1 1 0 0
 1 0 1]"
8,0.9994207463595619,"[1 1 1 1 1 1 1 1 1 1 1 1 1 1 0 0 0 0 1 1 0 0 1 1 1 1 1 0 1 0 1 1 1 0 0 1 0
 1 0 0]"
8,0.9804072705234269,"[1 1 1 1 1 1 1 1 0 1 1 1 1 1 1 0 0 1 1 1 0 0 1 1 0 1 1 0 0 0 1 1 1 1 1 1 0
 1 0 1]"
8,0.7259700941255193,"[1 1 1 1 0 1 1 1 1 1 1 0 1 1 1 0 0 1 1 1 1 0 1 1 1 0 1 0 1 0 1 0 0 0 1 0 0
 1 1 1]"
8,0.999758872711108,"[1 1 1 1 1 1 1 1 1 1 1 1 1 1 1 0 0 1 1 0 1 0 1 1 0 1 1 0 1 0 0 1 0 1 1 0 0
 0 0 0]"
step,fitness,genome
9,0.8540442241395302,"[1 1 1 1 1 0 1 1 1 1 1 1 1 1 1 0 0 0 1 0 0 0 1 1 0 0 1 0 1 0 0 1 1 1 1 0 0
 1 0 1]"
9,0.0005119105745169488,"[0 1 1 1 0 1 1 1 1 1 1 1 1 1 1 0 0 1 1 1 0 0 1 1 1 1 1 1 1 0 0 0 0 1 1 0 1
 1 0 0]"
9,0.7279131808810915,"[1 1 1 1 0 1 1 1 1 1 1 1 1 1 1 1 0 1 1 1 0 0 1 1 0 1 1 0 0 1 0 0 1 1 0 0 0
 1 0 0]"
9,0.056275028806463644,"[1 0 1 1 1 1 1 1 1 1 1 1 1 1 0 0 1 0 1 0 0 0 1 1 1 1 0 0 1 0 1 0 1 0 0 1 0
 1 0 1]"
9,0.9994873942641549,"[1 1 1 1 1 1 1 1 1 1 1 1 1 1 0 0 1 0 1 0 0 0 1 1 1 1 0 0 1 0 1 0 1 0 1 1 0
 1 0 1]"
9,0.99945723068927,"[1 1 1 1 1 1 1 1 1 1 1 1 1 1 0 0 0 1 1 1 0 0 0 1 0 0 1 0 1 0 0 1 0 1 1 0 0
 1 0 1]"
9,0.9988153461784501,"[1 1 1 1 1 1 1 1 1 1 1 1 1 0 0 0 0 0 1 1 1 0 1 1 0 1 1 0 1 0 1 1 1 0 0 1 1
 1 0 0]"
9,0.9973252839282705,"[1 1 1 1 1 1 1 1 1 1 1 0 1 1 1 0 0 1 1 1 0 0 1 1 0 0 1 0 1 0 0 1 0 0 1 0 0
 1 0 1]"
9,0.9950445022644198,"[1 1 1 1 1 1 1 1 1 1 0 1 1 1 1 1 0 1 1 1 0 0 1 1 0 1 1 1 0 1 0 0 1 1 0 0 0
 1 0 0]"
9,0.9894372896734352,"[1 1 1 1 1 1 1 1 1 0 1 1 1 0 1 0 0 1 1 1 0 0 0 1 1 1 1 0 1 0 0 1 0 1 1 0 0
 1 0 1]"
9,0.9996495322886125,"[1 1 1 1 1 1 1 1 1 1 1 1 1 1 0 1 1 0 1 1 0 0 1 1 1 1 1 0 1 0 1 1 1 0 0 0 0
 1 0 0]"
9,0.9995005778858699,"[1 1 1 1 1 1 1 1 1 1 1 1 1 1 0 0 1 0 1 1 1 0 0 1 1 1 1 0 1 0 1 1 1 0 0 1 1
 1 0 0]"
9,0.9558073331329422,"[1 1 1 1 1 1 1 0 1 1 0 1 1 0 0 0 0 1 1 1 0 0 1 1 1 1 1 0 1 0 0 1 0 0 1 1 1
 1 0 1]"
9,0.0009548629284785357,"[0 1 1 1 1 1 1 1 1 0 1 1 0 1 1 0 0 1 1 1 0 0 1 1 0 0 1 0 1 0 0 1 0 1 1 0 1
 0 0 1]"
9,0.9997622992851565,"[1 1 1 1 1 1 1 1 1 1 1 1 1 1 1 0 0 1 1 1 0 0 0 1 0 0 1 0 1 0 0 1 0 1 1 0 0
 1 0 1]"
9,0.9991059107644418,"[1 1 1 1 1 1 1 1 1 1 1 1 1 0 1 0 0 0 1 0 0 0 1 1 0 1 0 1 1 1 0 1 0 0 0 0 0
 0 0 1]"
9,0.997211278559506,"[1 1 1 1 1 1 1 1 1 1 1 0 1 1 0 1 1 0 1 1 0 0 1 1 0 1 1 0 1 0 1 1 1 0 0 0 0
 1 0 0]"
9,0.9997627834693955,"[1 1 1 1 1 1 1 1 1 1 1 1 1 1 1 0 0 1 1 1 0 0 0 1 1 1 1 1 1 0 0 1 0 1 1 0 0
 1 0 1]"
9,0.9235280686183425,"[1 1 1 1 1 1 0 1 1 1 1 1 1 0 0 0 1 0 1 1 0 0 1 1 1 1 1 0 0 0 1 1 1 0 0 1 0
 1 1 0]"
9,0.9996492343594331,"[1 1 1 1 1 1 1 1 1 1 1 1 1 1 0 1 1 0 1 1 0 0 1 1 0 1 1 0 1 0 1 1 1 0 0 0 0
 1 0 0]"
9,0.9969832921054851,"[1 1 1 1 1 1 1 1 1 1 1 0 1 1 0 0 0 0 1 1 0 0 1 1 1 1 1 0 1 0 1 1 1 0 0 1 0
 0 0 0]"
9,0.9852192300455316,"[1 1 1 1 1 1 1 1 1 0 0 1 1 1 1 0 0 1 1 1 1 0 1 1 0 1 1 1 1 0 1 1 0 1 1 0 0
 1 0 0]"
9,0.9244158284693426,"[1 1 1 1 1 1 0 1 1 1 1 1 1 1 1 0 1 1 1 1 0 0 1 1 0 0 1 0 1 0 0 1 0 1 1 0 0
 1 0 0]"
9,0.9994873753735745,"[1 1 1 1 1 1 1 1 1 1 1 1 1 1 0 0 1 0 1 0 0 0 1 1 1 1 0 0 0 0 1 0 1 0 0 1 0
 1 1 1]"
9,0.970262029647556,"[1 1 1 1 1 1 1 1 0 0 1 1 1 0 1 0 0 1 1 1 0 0 1 1 0 1 1 1 0 0 1 1 1 1 1 1 0
 1 0 1]"
9,0.9997634911236631,"[1 1 1 1 1 1 1 1 1 1 1 1 1 1 1 0 0 1 1 1 0 0 1 1 0 0 1 0 1 0 0 1 0 1 1 0 0
 1 0 1]"
9,0.9992608410982082,"[1 1 1 1 1 1 1 1 1 1 1 1 1 0 1 1 0 0 1 0 0 1 1 1 0 1 1 1 1 1 0 0 0 0 0 0 0
 1 0 1]"
9,0.0002565911162098685,"[0 1 1 0 1 1 1 1 1 1 1 1 1 1 0 0 0 1 1 1 0 0 0 1 0 0 1 0 1 0 0 1 0 1 1 0 0
 1 0 1]"
9,0.05630572405400903,"[1 0 1 1 1 1 1 1 1 1 1 1 1 1 1 1 0 1 0 1 0 0 0 1 1 1 1 0 1 0 0 1 0 1 1 0 0
 1 0 1]"
9,0.998848981889952,"[1 1 1 1 1 1 1 1 1 1 1 1 1 0 0 0 0 1 1 1 0 0 1 1 1 1 1 0 1 0 0 1 0 0 1 1 1
 1 0 1]"
9,0.9995029609389113,"[1 1 1 1 1 1 1 1 1 1 1 1 1 1 0 0 1 0 1 1 1 1 0 1 1 1 1 0 1 0 1 1 1 0 0 1 0
 1 0 1]"
9,0.998887074524322,"[1 1 1 1 1 1 1 1 1 1 1 1 1 0 0 0 1 0 1 1 0 0 1 1 1 1 1 0 0 0 1 0 1 0 0 1 0
 1 1 0]"
9,0.9988918404556871,"[1 1 1 1 1 1 1 1 1 1 1 1 1 0 0 0 1 0 1 1 1 0 1 1 1 1 1 0 0 0 1 1 1 0 0 1 0
 1 1 0]"
9,0.373439975361645,"[1 1 1 0 0 1 1 1 1 1 1 1 1 1 0 0 0 1 1 1 0 0 1 1 1 1 1 0 1 0 1 1 1 0 0 1 0
 1 0 0]"
9,0.9996495331614521,"[1 1 1 1 1 1 1 1 1 1 1 1 1 1 0 1 1 0 1 1 0 0 1 1 1 1 1 0 1 0 1 1 1 1 1 0 0
 1 0 0]"
9,0.9997634922875686,"[1 1 1 1 1 1 1 1 1 1 1 1 1 1 1 0 0 1 1 1 0 0 1 1 0 0 1 0 1 0 0 1 1 1 1 0 0
 1 0 1]"
9,0.9996113822925954,"[1 1 1 1 1 1 1 1 1 1 1 1 1 1 0 1 0 1 1 1 0 0 1 1 1 1 1 0 0 1 0 0 1 1 0 0 0
 1 0 0]"
9,0.9997627462426326,"[1 1 1 1 1 1 1 1 1 1 1 1 1 1 1 0 0 1 1 1 0 0 0 1 1 1 1 0 1 0 0 1 0 1 1 0 0
 1 1 1]"
9,0.9995780085213845,"[1 1 1 1 1 1 1 1 1 1 1 1 1 1 0 1 0 0 1 1 1 0 1 1 1 1 1 0 0 0 0 1 1 0 0 1 1
 1 0 0]"
9,0.9996492343594331,"[1 1 1 1 1 1 1 1 1 1 1 1 1 1 0 1 1 0 1 1 0 0 1 1 0 1 1 0 1 0 1 1 1 0 0 0 0
 1 0 0]"
9,0.7094424302706901,"[1 1 1 1 0 1 1 1 0 1 0 1 1 1 0 0 0 1 1 1 1 0 1 1 0 1 1 0 1 0 1 0 0 1 1 0 0
 0 0 0]"
9,0.9997627473883512,"[1 1 1 1 1 1 1 1 1 1 1 1 1 1 1 0 0 1 1 1 0 0 0 1 1 1 1 0 1 0 0 1 1 1 1 0 0
 1 0 1]"
9,0.018737190403398243,"[1 0 1 0 1 0 1 1 1 1 1 1 1 1 1 0 0 0 1 0 1 0 1 1 1 1 1 0 1 0 1 1 0 0 1 0 0
 1 1 1]"
9,0.7276014516238714,"[1 1 1 1 0 1 1 1 1 1 1 1 1 1 0 0 1 0 1 1 1 0 1 1 0 0 1 1 1 0 1 1 1 0 0 1 1
 1 0 0]"
9,0.9893909543933469,"[1 1 1 1 1 1 1 1 1 0 1 1 1 0 1 0 0 0 1 0 0 0 1 1 0 1 1 0 1 1 0 1 0 0 0 0 0
 1 0 0]"
9,0.9997634911236631,"[1 1 1 1 1 1 1 1 1 1 1 1 1 1 1 0 0 1 1 1 0 0 1 1 0 0 1 0 1 0 0 1 0 1 1 0 0
 1 0 1]"
9,0.9994584222004606,"[1 1 1 1 1 1 1 1 1 1 1 1 1 1 0 0 0 1 1 1 0 0 1 1 0 0 1 0 1 0 0 1 0 1 1 0 0
 1 0 1]"
9,0.9945875484406574,"[1 1 1 1 1 1 1 1 1 1 0 1 1 1 0 0 0 1 1 1 0 0 0 1 0 0 1 1 1 0 0 0 0 1 1 0 0
 1 0 0]"
9,0.52415682071027,"[1 1 1 0 1 1 1 1 1 1 1 1 1 1 0 0 0 1 1 1 0 0 0 1 0 0 0 1 1 0 0 1 0 1 1 0 0
 1 0 1]"
9,0.9613833974109388,"[1 1 1 1 1 1 1 0 1 1 1 1 1 1 1 0 0 1 1 0 1 0 0 1 1 1 1 0 1 0 0 1 0 1 1 0 0
 1 0 1]"
step,fitness,genome
10,0.26297009572286706,"[1 1 0 1 1 1 1 1 1 1 1 1 1 1 0 1 1 0 1 1 0 0 1 1 0 1 0 0 1 0 1 1 1 0 0 0 0
 1 0 0]"
10,0.9899345080001077,"[1 1 1 1 1 1 1 1 1 0 1 1 1 1 0 1 1 0 1 1 1 0 1 1 1 1 1 0 1 1 0 1 0 0 0 0 0
 1 0 0]"
10,0.9997634922875686,"[1 1 1 1 1 1 1 1 1 1 1 1 1 1 1 0 0 1 1 1 0 0 1 1 0 0 1 0 1 0 0 1 1 1 1 0 0
 1 0 1]"
10,0.9613703097769796,"[1 1 1 1 1 1 1 0 1 1 1 1 1 1 1 0 0 1 0 1 0 0 1 1 0 0 1 0 1 0 0 1 0 1 1 1 0
 1 0 1]"
10,0.9982664365861487,"[1 1 1 1 1 1 1 1 1 1 1 1 0 1 0 0 1 0 1 0 0 0 0 1 0 1 0 0 1 0 1 0 1 0 1 1 0
 1 0 1]"
10,0.9948916150549274,"[1 1 1 1 1 1 1 1 1 1 0 1 1 1 1 0 0 1 1 1 0 0 0 1 1 1 0 0 1 0 0 1 0 1 1 0 0
 1 1 1]"
10,0.0009758781012681385,"[0 1 1 1 1 1 1 1 1 1 1 1 1 1 0 1 1 0 1 1 0 0 1 1 1 1 1 0 1 0 1 1 1 0 1 0 0
 1 0 0]"
10,0.9940056327256759,"[1 1 1 1 1 1 1 1 1 1 0 1 1 0 0 0 1 0 0 1 1 0 1 1 1 1 1 0 0 0 1 1 1 0 0 1 0
 1 1 0]"
10,0.9948917262815884,"[1 1 1 1 1 1 1 1 1 1 0 1 1 1 1 0 0 1 1 1 0 0 0 1 1 1 1 1 1 0 0 1 0 1 1 0 0
 1 0 1]"
10,0.26298157866383287,"[1 1 0 1 1 1 1 1 1 1 1 1 1 1 0 1 1 1 1 1 0 0 1 1 0 1 1 0 0 1 0 0 1 1 0 0 0
 1 0 0]"
10,0.9893909544654114,"[1 1 1 1 1 1 1 1 1 0 1 1 1 0 1 0 0 0 1 0 0 0 1 1 0 1 1 0 1 1 0 1 0 0 0 0 1
 1 0 0]"
10,0.9994584222186416,"[1 1 1 1 1 1 1 1 1 1 1 1 1 1 0 0 0 1 1 1 0 0 1 1 0 0 1 0 1 0 0 1 0 1 1 0 0
 1 1 1]"
10,0.9997634922875686,"[1 1 1 1 1 1 1 1 1 1 1 1 1 1 1 0 0 1 1 1 0 0 1 1 0 0 1 0 1 0 0 1 1 1 1 0 0
 1 0 1]"
10,0.9243436365184003,"[1 1 1 1 1 1 0 1 1 1 1 1 1 1 1 0 0 1 1 1 0 0 0 1 0 0 1 0 1 0 0 1 0 1 1 0 0
 1 0 1]"
10,0.7279131808810915,"[1 1 1 1 0 1 1 1 1 1 1 1 1 1 1 1 0 1 1 1 0 0 1 1 0 1 1 0 0 1 0 0 1 1 0 0 0
 1 0 0]"
10,0.9852192297583677,"[1 1 1 1 1 1 1 1 1 0 0 1 1 1 1 0 0 1 1 1 1 0 1 1 0 1 1 1 1 0 1 1 0 1 0 0 0
 1 0 0]"
10,0.0009761004745716543,"[0 1 1 1 1 1 1 1 1 1 1 1 1 1 1 0 0 1 1 1 0 0 1 1 0 0 0 0 1 0 0 1 1 1 1 0 0
 1 0 1]"
10,0.9996492343594331,"[1 1 1 1 1 1 1 1 1 1 1 1 1 1 0 1 1 0 1 1 0 0 1 1 0 1 1 0 1 0 1 1 1 0 0 0 0
 1 0 0]"
10,0.9973157701862914,"[1 1 1 1 1 1 1 1 1 1 1 0 1 1 1 0 0 1 1 0 0 0 1 1 0 0 1 0 1 0 0 1 0 0 1 0 0
 1 0 1]"
10,0.056281911637010684,"[1 0 1 1 1 1 1 1 1 1 1 1 1 1 0 1 0 0 1 1 1 1 0 1 1 0 1 0 1 0 1 1 1 0 0 1 0
 0 0 1]"
10,0.9220720479653178,"[1 1 1 1 1 1 0 1 1 1 1 0 1 1 1 0 0 1 1 1 0 0 0 1 1 1 1 0 1 0 0 1 1 1 1 0 0
 0 0 1]"
10,0.9997444230248896,"[1 1 1 1 1 1 1 1 1 1 1 1 1 1 1 0 0 1 0 1 0 0 1 1 0 0 1 0 1 0 0 1 1 1 1 0 0
 1 0 1]"
10,0.9998972831241603,"[1 1 1 1 1 1 1 1 1 1 1 1 1 1 1 1 0 1 0 1 0 0 1 1 1 0 1 0 1 0 0 1 0 1 1 0 0
 1 0 1]"
10,0.18275696649539988,"[1 1 0 1 0 1 1 1 1 1 1 1 1 1 0 0 1 0 1 0 0 0 1 1 1 1 0 0 1 0 1 0 0 0 1 1 0
 1 0 0]"
10,0.9996494586882417,"[1 1 1 1 1 1 1 1 1 1 1 1 1 1 0 1 1 0 1 1 0 0 1 1 1 1 0 0 1 0 1 1 1 1 1 0 0
 1 0 1]"
10,0.04560773615199863,"[1 0 1 1 1 0 1 1 1 1 1 1 1 1 1 0 0 1 1 1 0 0 0 1 1 1 1 0 1 0 0 1 1 0 1 0 0
 1 0 1]"
10,0.9998342751409213,"[1 1 1 1 1 1 1 1 1 1 1 1 1 1 1 0 1 1 1 0 1 0 0 1 1 1 1 1 0 0 0 0 0 1 1 0 0
 1 1 1]"
10,0.9996519157249255,"[1 1 1 1 1 1 1 1 1 1 1 1 1 1 0 1 1 0 1 1 0 1 1 1 1 1 1 0 1 0 1 1 1 0 0 0 0
 1 0 0]"
10,0.9994584047466741,"[1 1 1 1 1 1 1 1 1 1 1 1 1 1 0 0 0 1 1 1 0 0 1 1 0 0 1 0 0 0 0 1 1 1 1 0 0
 1 0 1]"
10,0.9996481913169879,"[1 1 1 1 1 1 1 1 1 1 1 1 1 1 0 1 1 0 1 1 0 0 0 1 1 0 1 0 1 0 1 1 0 1 1 0 0
 1 0 0]"
10,0.9994584234367705,"[1 1 1 1 1 1 1 1 1 1 1 1 1 1 0 0 0 1 1 1 0 0 1 1 0 0 1 0 1 0 0 1 1 1 1 0 1
 1 0 1]"
10,0.9996492343594331,"[1 1 1 1 1 1 1 1 1 1 1 1 1 1 0 1 1 0 1 1 0 0 1 1 0 1 1 0 1 0 1 1 1 0 0 0 0
 1 0 0]"
10,0.9997634911236631,"[1 1 1 1 1 1 1 1 1 1 1 1 1 1 1 0 0 1 1 1 0 0 1 1 0 0 1 0 1 0 0 1 0 1 1 0 0
 1 0 1]"
10,0.9997634912691513,"[1 1 1 1 1 1 1 1 1 1 1 1 1 1 1 0 0 1 1 1 0 0 1 1 0 0 1 0 1 0 0 1 0 1 1 1 0
 1 0 1]"
10,0.9894381973102356,"[1 1 1 1 1 1 1 1 1 0 1 1 1 0 1 0 0 1 1 1 0 0 1 1 0 1 1 1 0 0 1 0 1 1 1 1 0
 1 1 1]"
10,0.979545716689258,"[1 1 1 1 1 1 1 1 0 1 1 1 1 0 0 0 1 0 1 1 0 0 1 1 0 1 1 0 0 0 1 1 1 0 0 1 0
 1 0 0]"
10,0.9988918403103131,"[1 1 1 1 1 1 1 1 1 1 1 1 1 0 0 0 1 0 1 1 1 0 1 1 1 1 1 0 0 0 1 1 1 0 0 0 0
 1 1 0]"
10,0.9984295868950503,"[1 1 1 1 1 1 1 1 1 1 1 1 0 1 0 1 1 0 1 1 0 0 1 1 0 1 1 0 1 0 1 1 1 0 0 1 0
 1 0 0]"
10,0.994588702297237,"[1 1 1 1 1 1 1 1 1 1 0 1 1 1 0 0 0 1 1 1 0 0 1 1 0 0 1 0 1 0 1 0 0 1 1 0 0
 1 0 1]"
10,0.9973241333118447,"[1 1 1 1 1 1 1 1 1 1 1 0 1 1 1 0 0 1 1 1 0 0 0 1 0 0 1 1 1 0 0 1 1 1 0 0 0
 1 0 0]"
10,0.9996492343594331,"[1 1 1 1 1 1 1 1 1 1 1 1 1 1 0 1 1 0 1 1 0 0 1 1 0 1 1 0 1 0 1 1 1 0 0 0 0
 1 0 0]"
10,0.9998056589714684,"[1 1 1 1 1 1 1 1 1 1 1 1 1 1 1 0 1 0 1 1 1 0 0 1 1 1 1 0 1 0 1 1 1 1 0 1 1
 1 0 0]"
10,0.980407576884506,"[1 1 1 1 1 1 1 1 0 1 1 1 1 1 1 0 0 1 1 1 0 0 1 1 1 1 1 0 1 0 0 1 1 1 1 0 0
 1 1 1]"
10,0.989809219406385,"[1 1 1 1 1 1 1 1 1 0 1 1 1 1 0 0 1 1 1 0 0 1 1 1 1 1 0 0 1 0 1 0 1 0 1 1 0
 1 0 0]"
10,0.99976289520425,"[1 1 1 1 1 1 1 1 1 1 1 1 1 1 1 0 0 1 1 1 0 0 1 0 0 0 1 0 1 0 0 1 0 1 1 0 0
 1 0 1]"
10,0.8541518045018383,"[1 1 1 1 1 0 1 1 1 1 1 1 1 1 1 0 1 1 1 1 0 0 1 1 0 0 1 0 1 1 0 1 1 1 1 0 0
 1 0 1]"
10,0.9997634923057546,"[1 1 1 1 1 1 1 1 1 1 1 1 1 1 1 0 0 1 1 1 0 0 1 1 0 0 1 0 1 0 0 1 1 1 1 0 0
 1 1 1]"
10,0.9995346809939998,"[1 1 1 1 1 1 1 1 1 1 1 1 1 1 0 0 1 1 1 1 0 0 1 1 0 0 1 0 1 0 0 1 0 0 1 0 0
 1 0 1]"
10,0.7278844138595595,"[1 1 1 1 0 1 1 1 1 1 1 1 1 1 1 1 0 0 1 1 0 0 1 1 0 0 1 0 1 0 0 1 0 1 1 0 0
 1 0 1]"
10,0.05590682643718849,"[1 0 1 1 1 1 1 1 1 1 0 1 1 1 0 0 0 1 1 0 0 0 1 1 0 0 1 0 0 0 0 1 0 1 1 0 0
 1 0 1]"
step,fitness,genome
11,0.9994969102212584,"[1 1 1 1 1 1 1 1 1 1 1 1 1 1 0 0 1 0 1 1 0 0 1 1 1 1 0 0 0 0 1 1 1 0 1 0 0
 1 1 0]"
11,0.9984295857325426,"[1 1 1 1 1 1 1 1 1 1 1 1 0 1 0 1 1 0 1 1 0 0 1 1 0 1 1 0 1 0 1 1 0 0 0 1 0
 1 0 0]"
11,0.9610942087976662,"[1 1 1 1 1 1 1 0 1 1 1 1 1 1 0 0 0 1 1 1 0 0 1 1 0 0 1 0 1 0 0 1 0 0 1 0 0
 1 0 1]"
11,0.9997635010168592,"[1 1 1 1 1 1 1 1 1 1 1 1 1 1 1 0 0 1 1 1 0 0 1 1 0 0 1 0 1 1 0 1 1 0 1 0 0
 1 0 1]"
11,0.9973253225341002,"[1 1 1 1 1 1 1 1 1 1 1 0 1 1 1 0 0 1 1 1 0 0 1 1 0 0 1 1 1 0 0 1 1 1 0 0 0
 1 0 0]"
11,0.26306178568963023,"[1 1 0 1 1 1 1 1 1 1 1 1 1 1 1 1 1 0 1 1 0 0 1 1 0 0 0 0 1 0 1 1 1 0 0 0 0
 1 0 0]"
11,0.9950055355604268,"[1 1 1 1 1 1 1 1 1 1 0 1 1 1 1 1 0 0 1 1 0 0 0 1 1 1 0 0 1 0 0 1 0 1 1 0 0
 1 1 1]"
11,0.0009761012018578401,"[0 1 1 1 1 1 1 1 1 1 1 1 1 1 1 0 0 1 1 1 0 0 1 1 1 0 1 0 1 0 0 1 1 1 1 0 0
 1 0 1]"
11,0.5236434362880484,"[1 1 1 0 1 1 1 1 1 1 1 1 0 1 1 0 0 1 1 0 1 0 1 1 1 1 1 1 1 0 0 0 0 1 1 0 0
 1 1 1]"
11,0.999762280771806,"[1 1 1 1 1 1 1 1 1 1 1 1 1 1 1 0 0 1 1 1 0 0 0 1 0 0 1 0 0 0 0 1 0 1 1 1 0
 0 0 1]"
11,0.9984294334440436,"[1 1 1 1 1 1 1 1 1 1 1 1 0 1 0 1 1 0 1 1 0 0 1 1 0 0 1 0 1 0 0 1 1 0 0 1 0
 1 0 0]"
11,0.9998966845138731,"[1 1 1 1 1 1 1 1 1 1 1 1 1 1 1 1 0 1 0 1 0 0 1 0 1 0 1 0 1 0 0 0 0 1 0 0 0
 1 0 1]"
11,0.9994488726930948,"[1 1 1 1 1 1 1 1 1 1 1 1 1 1 0 0 0 1 1 0 0 0 1 1 0 0 1 0 0 0 0 1 1 1 1 0 0
 1 0 1]"
11,0.9998080430337903,"[1 1 1 1 1 1 1 1 1 1 1 1 1 1 1 0 1 0 1 1 1 1 0 1 1 1 1 0 1 0 1 1 1 1 1 1 1
 1 0 0]"
11,0.9997658003144086,"[1 1 1 1 1 1 1 1 1 1 1 1 1 1 1 0 0 1 1 1 0 1 1 1 0 0 0 0 1 0 0 1 0 1 1 0 0
 1 0 1]"
11,0.7278989692396559,"[1 1 1 1 0 1 1 1 1 1 1 1 1 1 1 1 0 1 0 1 0 0 1 1 1 0 1 0 1 0 0 1 0 1 1 0 0
 1 0 1]"
11,0.9994584235822187,"[1 1 1 1 1 1 1 1 1 1 1 1 1 1 0 0 0 1 1 1 0 0 1 1 0 0 1 0 1 0 0 1 1 1 1 1 1
 1 0 1]"
11,0.8540690465144162,"[1 1 1 1 1 0 1 1 1 1 1 1 1 1 1 0 0 1 0 1 0 0 1 1 0 0 1 0 1 0 0 1 0 1 1 1 0
 0 0 1]"
11,0.9997631931275446,"[1 1 1 1 1 1 1 1 1 1 1 1 1 1 1 0 0 1 1 1 0 0 1 0 1 0 1 0 1 0 0 1 0 1 1 0 0
 0 0 1]"
11,0.7241089725930658,"[1 1 1 1 0 1 1 1 1 1 0 1 1 1 1 0 0 0 1 1 0 0 0 1 0 1 0 1 1 0 0 0 0 1 1 0 0
 1 0 1]"
11,0.26307336647658364,"[1 1 0 1 1 1 1 1 1 1 1 1 1 1 1 1 1 1 1 1 0 0 1 1 1 0 1 0 1 0 1 1 0 1 1 0 0
 1 0 1]"
11,0.9995613440856513,"[1 1 1 1 1 1 1 1 1 1 1 1 1 1 0 1 0 0 0 1 1 1 1 1 1 1 1 0 1 0 0 1 1 0 0 0 0
 1 0 0]"
11,0.9976381670111719,"[1 1 1 1 1 1 1 1 1 1 1 1 0 0 0 0 1 0 0 0 0 0 0 1 0 1 0 0 1 0 0 0 1 0 1 1 0
 1 0 1]"
11,0.5244371069768368,"[1 1 1 0 1 1 1 1 1 1 1 1 1 1 1 1 1 0 1 1 1 0 0 1 1 1 1 0 1 0 1 0 1 1 0 1 1
 1 0 0]"
11,0.998266473853571,"[1 1 1 1 1 1 1 1 1 1 1 1 0 1 0 0 1 0 1 0 0 0 0 1 0 1 0 1 1 0 1 0 1 0 1 1 1
 1 0 1]"
11,0.99976289520425,"[1 1 1 1 1 1 1 1 1 1 1 1 1 1 1 0 0 1 1 1 0 0 1 0 0 0 1 0 1 0 0 1 0 1 1 0 0
 1 0 1]"
11,0.9610942093417693,"[1 1 1 1 1 1 1 0 1 1 1 1 1 1 0 0 0 1 1 1 0 0 1 1 0 0 1 0 1 0 0 1 0 1 1 0 0
 0 1 1]"
11,0.9993431494050281,"[1 1 1 1 1 1 1 1 1 1 1 1 1 0 1 1 1 0 1 1 0 0 0 1 1 0 1 0 1 0 0 1 0 1 1 0 0
 1 0 0]"
11,0.9804071367216598,"[1 1 1 1 1 1 1 1 0 1 1 1 1 1 1 0 0 1 1 1 0 0 1 1 0 0 1 0 1 0 0 1 0 1 1 1 0
 1 0 1]"
11,0.0563072120539357,"[1 0 1 1 1 1 1 1 1 1 1 1 1 1 1 1 0 1 1 1 0 0 1 1 0 0 1 0 1 0 0 1 1 1 1 1 0
 1 0 1]"
11,0.9421654428866549,"[1 1 1 1 1 1 1 0 0 1 1 1 1 0 1 0 1 0 1 1 1 0 1 1 1 1 1 0 0 0 1 1 1 0 0 0 0
 1 1 0]"
11,0.9984295963404255,"[1 1 1 1 1 1 1 1 1 1 1 1 0 1 0 1 1 0 1 1 0 0 1 1 0 1 1 0 1 1 1 1 1 0 1 0 0
 1 0 0]"
11,0.9997634167701142,"[1 1 1 1 1 1 1 1 1 1 1 1 1 1 1 0 0 1 1 1 0 0 1 1 0 0 0 0 1 0 0 1 0 1 1 1 0
 1 0 0]"
11,0.9984105358823193,"[1 1 1 1 1 1 1 1 1 1 1 1 0 1 0 1 1 0 0 1 0 0 1 1 0 1 1 0 1 0 0 1 1 0 0 1 0
 1 0 0]"
11,0.6711880968964986,"[1 1 1 1 0 1 0 1 1 1 1 1 1 1 1 0 0 1 1 1 0 0 1 0 0 0 1 0 1 0 0 1 0 1 1 0 0
 1 0 1]"
11,0.9897403437399901,"[1 1 1 1 1 1 1 1 1 0 1 1 1 1 0 0 0 1 1 1 0 0 1 1 0 0 1 0 1 0 0 1 1 1 1 0 1
 1 0 1]"
11,0.05631252740385773,"[1 0 1 1 1 1 1 1 1 1 1 1 1 1 1 1 1 1 1 0 1 0 0 1 1 1 1 1 0 0 0 0 0 1 1 0 0
 1 1 1]"
11,0.9996495333887541,"[1 1 1 1 1 1 1 1 1 1 1 1 1 1 0 1 1 0 1 1 0 0 1 1 1 1 1 0 1 0 1 1 1 1 1 1 1
 1 0 1]"
11,0.9999582306493315,"[1 1 1 1 1 1 1 1 1 1 1 1 1 1 1 1 1 0 1 1 1 0 0 1 1 1 1 0 1 0 1 1 1 1 0 1 1
 1 0 0]"
11,0.9997444224429469,"[1 1 1 1 1 1 1 1 1 1 1 1 1 1 1 0 0 1 0 1 0 0 1 1 0 0 1 0 1 0 0 1 1 0 1 0 0
 1 0 1]"
11,0.9997635005349296,"[1 1 1 1 1 1 1 1 1 1 1 1 1 1 1 0 0 1 1 1 0 0 1 1 0 0 1 0 1 1 0 1 0 1 1 1 0
 0 0 0]"
11,0.9997623004490607,"[1 1 1 1 1 1 1 1 1 1 1 1 1 1 1 0 0 1 1 1 0 0 0 1 0 0 1 0 1 0 0 1 1 1 1 0 0
 1 0 1]"
11,0.9897403240421108,"[1 1 1 1 1 1 1 1 1 0 1 1 1 1 0 0 0 1 1 1 0 0 1 1 0 0 1 0 0 0 0 1 0 1 1 0 0
 0 1 1]"
11,0.056295757141826164,"[1 0 1 1 1 1 1 1 1 1 1 1 1 1 1 0 0 1 1 1 0 0 1 1 0 0 1 0 1 0 0 1 0 1 1 0 0
 0 0 1]"
11,0.9997634911236631,"[1 1 1 1 1 1 1 1 1 1 1 1 1 1 1 0 0 1 1 1 0 0 1 1 0 0 1 0 1 0 0 1 0 1 1 0 0
 1 0 1]"
11,0.9997634919965922,"[1 1 1 1 1 1 1 1 1 1 1 1 1 1 1 0 0 1 1 1 0 0 1 1 0 0 1 0 1 0 0 1 1 1 0 0 0
 1 0 1]"
11,0.8540380184184228,"[1 1 1 1 1 0 1 1 1 1 1 1 1 1 1 0 0 0 0 1 0 1 1 1 0 0 1 0 1 0 0 1 1 1 1 0 0
 1 0 1]"
11,0.9893909544654114,"[1 1 1 1 1 1 1 1 1 0 1 1 1 0 1 0 0 0 1 0 0 0 1 1 0 1 1 0 1 1 0 1 0 0 0 0 1
 1 0 0]"
11,0.009091505580346465,"[1 0 0 1 1 1 1 1 1 1 1 1 1 1 1 0 0 1 1 1 0 0 1 1 0 0 1 0 1 0 0 1 0 1 1 0 0
 1 0 1]"
11,0.9996872532977156,"[1 1 1 1 1 1 1 1 1 1 1 1 1 1 0 1 1 1 1 1 0 0 1 1 0 0 1 1 1 0 0 1 0 1 1 0 0
 1 1 1]"
step,fitness,genome
12,0.9998397723208992,"[1 1 1 1 1 1 1 1 1 1 1 1 1 1 1 0 1 1 1 1 0 0 1 1 0 0 1 0 1 0 0 1 1 1 0 0 0
 1 0 1]"
12,0.9995613440856513,"[1 1 1 1 1 1 1 1 1 1 1 1 1 1 0 1 0 0 0 1 1 1 1 1 1 1 1 0 1 0 0 1 1 0 0 0 0
 1 0 0]"
12,0.99934792071248,"[1 1 1 1 1 1 1 1 1 1 1 1 1 0 1 1 1 0 1 1 1 0 0 1 1 0 1 0 1 0 1 1 1 1 0 1 1
 1 0 0]"
12,0.9962794116486521,"[1 1 1 1 1 1 1 1 1 1 1 0 0 1 1 1 1 0 0 1 0 0 1 1 0 1 1 0 1 0 0 1 1 0 1 1 0
 1 0 0]"
12,0.999762280808178,"[1 1 1 1 1 1 1 1 1 1 1 1 1 1 1 0 0 1 1 1 0 0 0 1 0 0 1 0 0 0 0 1 0 1 1 1 0
 1 0 1]"
12,0.9994607307570303,"[1 1 1 1 1 1 1 1 1 1 1 1 1 1 0 0 0 1 1 1 0 1 1 1 0 0 0 0 1 0 0 1 0 1 1 0 0
 1 0 1]"
12,0.9881825776312327,"[1 1 1 1 1 1 1 1 1 0 1 1 0 0 1 0 0 0 1 0 0 0 1 1 0 1 1 0 1 1 0 1 0 0 0 0 1
 1 0 0]"
12,0.8529279886393293,"[1 1 1 1 1 0 1 1 1 1 1 1 0 1 0 1 1 0 1 1 0 0 1 1 0 1 1 0 1 1 1 1 1 0 1 0 0
 1 0 0]"
12,0.21926786725488817,"[1 1 0 1 1 0 1 1 1 1 1 1 0 1 0 0 1 1 1 1 0 0 1 1 0 0 1 1 1 0 0 1 1 1 1 0 0
 1 1 1]"
12,0.9996495333887541,"[1 1 1 1 1 1 1 1 1 1 1 1 1 1 0 1 1 0 1 1 0 0 1 1 1 1 1 0 1 0 1 1 1 1 1 1 1
 1 0 1]"
12,0.9999147999568112,"[1 1 1 1 1 1 1 1 1 1 1 1 1 1 1 1 0 1 1 1 0 0 0 1 0 0 0 0 1 1 0 1 0 1 1 1 0
 1 0 0]"
12,0.9998969852831271,"[1 1 1 1 1 1 1 1 1 1 1 1 1 1 1 1 0 1 0 1 0 0 1 1 0 0 1 0 1 0 0 1 0 1 1 1 0
 1 1 0]"
12,0.9997669933205806,"[1 1 1 1 1 1 1 1 1 1 1 1 1 1 1 0 0 1 1 1 1 0 0 1 0 0 0 0 1 0 0 1 1 1 1 0 0
 1 0 1]"
12,0.9997059849185262,"[1 1 1 1 1 1 1 1 1 1 1 1 1 1 1 0 0 0 0 1 0 0 1 0 1 0 1 0 1 0 0 0 1 1 0 0 0
 1 0 1]"
12,0.9610942093417693,"[1 1 1 1 1 1 1 0 1 1 1 1 1 1 0 0 0 1 1 1 0 0 1 1 0 0 1 0 1 0 0 1 0 1 1 0 0
 0 1 1]"
12,0.9896257838754857,"[1 1 1 1 1 1 1 1 1 0 1 1 1 0 1 1 1 0 1 1 0 0 0 1 0 0 1 0 1 0 0 1 0 1 1 1 0
 1 0 0]"
12,0.8542054545107798,"[1 1 1 1 1 0 1 1 1 1 1 1 1 1 1 1 0 1 0 1 1 0 1 0 1 1 1 0 1 0 0 0 0 1 0 0 0
 0 0 1]"
12,0.9997438259518208,"[1 1 1 1 1 1 1 1 1 1 1 1 1 1 1 0 0 1 0 1 0 0 1 0 0 0 1 0 1 0 0 1 0 1 1 0 0
 1 0 1]"
12,0.9947813459260119,"[1 1 1 1 1 1 1 1 1 1 0 1 1 1 0 1 1 0 1 1 0 1 1 1 1 1 1 0 1 0 1 1 1 1 1 1 1
 1 1 1]"
12,0.9993431494050281,"[1 1 1 1 1 1 1 1 1 1 1 1 1 0 1 1 1 0 1 1 0 0 0 1 1 0 1 0 1 0 0 1 0 1 1 0 0
 1 0 0]"
12,0.9997634919874991,"[1 1 1 1 1 1 1 1 1 1 1 1 1 1 1 0 0 1 1 1 0 0 1 1 0 0 1 0 1 0 0 1 1 1 0 0 0
 1 0 0]"
12,0.9994584224186329,"[1 1 1 1 1 1 1 1 1 1 1 1 1 1 0 0 0 1 1 1 0 0 1 1 0 0 1 0 1 0 0 1 0 1 1 1 1
 1 0 1]"
12,9.527678554948477e-07,"[0 0 1 1 1 1 1 1 1 1 1 1 1 1 1 0 0 1 1 1 0 0 0 1 0 0 1 0 1 0 0 1 1 1 1 0 0
 1 0 1]"
12,0.9998966846593788,"[1 1 1 1 1 1 1 1 1 1 1 1 1 1 1 1 0 1 0 1 0 0 1 0 1 0 1 0 1 0 0 0 0 1 0 1 0
 1 0 1]"
12,0.5233711274079841,"[1 1 1 0 1 1 1 1 1 1 1 1 0 0 1 1 0 0 1 1 1 0 0 1 1 1 1 1 1 0 0 1 0 1 1 0 0
 1 0 0]"
12,0.999972973984219,"[1 1 1 1 1 1 1 1 1 1 1 1 1 1 1 1 1 1 0 1 0 0 1 0 1 0 1 0 1 0 0 0 0 1 0 0 0
 1 0 1]"
12,0.036792117073859446,"[1 0 1 1 0 1 1 1 1 1 1 1 1 1 1 1 1 0 1 1 1 1 0 1 1 1 1 0 1 0 1 1 1 1 0 1 1
 1 0 0]"
12,0.9949775708903331,"[1 1 1 1 1 1 1 1 1 1 0 1 1 1 1 1 0 0 0 0 0 0 1 0 1 0 1 0 1 0 0 0 0 1 0 0 0
 1 0 1]"
12,0.9997659539502536,"[1 1 1 1 1 1 1 1 1 1 1 1 1 1 1 0 0 1 1 1 0 1 1 1 0 1 0 0 1 0 1 1 0 1 1 0 0
 1 0 1]"
12,0.9245261446090818,"[1 1 1 1 1 1 0 1 1 1 1 1 1 1 1 1 1 0 1 1 1 0 0 1 1 1 0 0 1 0 1 1 1 1 0 1 1
 1 0 0]"
12,0.9984294322997002,"[1 1 1 1 1 1 1 1 1 1 1 1 0 1 0 1 1 0 1 1 0 0 1 1 0 0 1 0 1 0 0 1 0 0 0 1 0
 1 1 0]"
12,0.21965726585454667,"[1 1 0 1 1 0 1 1 1 1 1 1 1 1 1 0 1 1 1 1 0 0 0 1 0 0 1 0 1 0 0 1 1 1 1 1 0
 1 1 1]"
12,0.05629594170252317,"[1 0 1 1 1 1 1 1 1 1 1 1 1 1 1 0 0 1 1 1 0 1 1 1 0 1 0 0 1 0 0 1 0 1 1 0 0
 1 0 1]"
12,0.9611935733835276,"[1 1 1 1 1 1 1 0 1 1 1 1 1 1 0 1 0 0 0 1 1 1 1 1 1 1 1 0 1 0 1 1 1 0 0 1 0
 1 0 0]"
12,0.5136131673525431,"[1 1 1 0 1 1 1 1 0 1 1 1 1 1 1 1 1 0 1 1 1 0 0 1 1 1 1 1 1 0 0 1 1 1 0 0 1
 0 0 0]"
12,0.9899956369721169,"[1 1 1 1 1 1 1 1 1 0 1 1 1 1 1 0 0 0 1 0 0 0 1 1 0 1 1 0 1 0 1 1 0 0 0 1 1
 1 0 0]"
12,0.9804462270404188,"[1 1 1 1 1 1 1 1 0 1 1 1 1 1 1 0 1 0 1 1 0 1 0 1 1 1 1 0 1 0 1 1 1 1 1 1 1
 1 0 0]"
12,0.999153139300215,"[1 1 1 1 1 1 1 1 1 1 1 1 1 0 1 0 0 1 1 1 0 0 1 0 1 0 1 0 1 0 0 1 0 1 1 0 1
 0 0 1]"
12,0.8535602987529881,"[1 1 1 1 1 0 1 1 1 1 1 1 1 0 1 0 0 1 1 1 1 0 1 1 0 0 1 0 1 0 0 1 0 1 1 0 0
 1 1 1]"
12,0.9997631931184515,"[1 1 1 1 1 1 1 1 1 1 1 1 1 1 1 0 0 1 1 1 0 0 1 0 1 0 1 0 1 0 0 1 0 1 1 0 0
 0 0 0]"
12,0.9245256586325115,"[1 1 1 1 1 1 0 1 1 1 1 1 1 1 1 1 1 0 1 1 1 0 0 0 1 1 1 0 1 0 1 1 1 1 0 1 1
 1 0 0]"
12,0.9998966845138731,"[1 1 1 1 1 1 1 1 1 1 1 1 1 1 1 1 0 1 0 1 0 0 1 0 1 0 1 0 1 0 0 0 0 1 0 0 0
 1 0 1]"
12,0.9997705676911328,"[1 1 1 1 1 1 1 1 1 1 1 1 1 1 1 0 0 1 1 1 1 1 1 1 0 0 0 0 1 0 0 1 0 1 1 0 0
 1 0 1]"
12,0.9994969102212584,"[1 1 1 1 1 1 1 1 1 1 1 1 1 1 0 0 1 0 1 1 0 0 1 1 1 1 0 0 0 0 1 1 1 0 1 0 0
 1 1 0]"
12,0.9983534022434924,"[1 1 1 1 1 1 1 1 1 1 1 1 0 1 0 1 0 0 1 1 0 0 1 1 0 1 1 0 1 0 1 1 0 0 0 1 0
 1 0 0]"
12,0.9997622994306444,"[1 1 1 1 1 1 1 1 1 1 1 1 1 1 1 0 0 1 1 1 0 0 0 1 0 0 1 0 1 0 0 1 0 1 1 1 0
 1 0 1]"
12,0.999788954383423,"[1 1 1 1 1 1 1 1 1 1 1 1 1 1 1 0 1 0 0 1 1 1 0 1 1 1 1 0 0 0 1 1 1 1 1 1 1
 1 0 0]"
12,0.9607997819012002,"[1 1 1 1 1 1 1 0 1 1 1 1 1 0 1 0 0 1 1 1 0 0 1 1 0 0 1 0 1 0 0 1 1 1 0 0 0
 1 0 1]"
12,0.9999534626400327,"[1 1 1 1 1 1 1 1 1 1 1 1 1 1 1 1 1 0 1 1 0 0 0 1 1 1 1 0 1 0 1 1 1 1 1 0 1
 1 1 1]"
12,0.9997444224429469,"[1 1 1 1 1 1 1 1 1 1 1 1 1 1 1 0 0 1 0 1 0 0 1 1 0 0 1 0 1 0 0 1 1 0 1 0 0
 1 0 1]"
step,fitness,genome
13,0.7278125916315729,"[1 1 1 1 0 1 1 1 1 1 1 1 1 1 1 0 1 0 0 1 0 0 1 0 1 1 0 0 1 0 0 0 1 1 1 0 0
 1 1 1]"
13,0.7279148717729441,"[1 1 1 1 0 1 1 1 1 1 1 1 1 1 1 1 0 1 1 1 0 1 1 1 0 0 1 0 1 0 1 1 0 1 0 0 0
 1 0 1]"
13,0.9998399678704536,"[1 1 1 1 1 1 1 1 1 1 1 1 1 1 1 0 1 1 1 1 0 0 1 1 0 1 1 1 1 1 0 1 1 1 0 0 0
 1 0 1]"
13,0.990231048842935,"[1 1 1 1 1 1 1 1 1 0 1 1 1 1 1 1 1 0 1 1 0 0 0 1 1 1 1 0 1 0 1 1 1 1 1 0 1
 1 1 1]"
13,0.8542011875061181,"[1 1 1 1 1 0 1 1 1 1 1 1 1 1 1 1 0 1 0 1 0 0 1 0 1 0 1 0 1 0 0 0 0 1 0 1 0
 1 0 1]"
13,0.7279558477301036,"[1 1 1 1 0 1 1 1 1 1 1 1 1 1 1 1 1 1 0 1 0 0 1 0 1 0 1 0 1 0 0 0 0 1 0 0 0
 1 0 1]"
13,0.9998966845138731,"[1 1 1 1 1 1 1 1 1 1 1 1 1 1 1 1 0 1 0 1 0 0 1 0 1 0 1 0 1 0 0 0 0 1 0 0 0
 1 0 1]"
13,0.9991026502282081,"[1 1 1 1 1 1 1 1 1 1 1 1 1 0 1 0 0 0 0 1 1 1 0 1 1 1 1 0 0 0 1 1 0 1 1 1 1
 1 0 0]"
13,0.9244157598735233,"[1 1 1 1 1 1 0 1 1 1 1 1 1 1 1 0 1 1 1 1 0 0 1 1 0 0 0 0 1 0 0 1 1 1 0 0 0
 1 0 1]"
13,0.9244040152436652,"[1 1 1 1 1 1 0 1 1 1 1 1 1 1 1 0 1 1 0 1 1 1 0 1 1 1 1 0 0 0 1 1 1 0 1 1 1
 1 0 0]"
13,0.513474668861323,"[1 1 1 0 1 1 1 1 0 1 1 1 1 1 1 0 0 0 0 1 0 0 1 0 1 0 1 0 1 1 0 1 1 1 0 0 0
 1 0 1]"
13,0.999762280808178,"[1 1 1 1 1 1 1 1 1 1 1 1 1 1 1 0 0 1 1 1 0 0 0 1 0 0 1 0 0 0 0 1 0 1 1 1 0
 1 0 1]"
13,0.9995942630111108,"[1 1 1 1 1 1 1 1 1 1 1 1 1 1 0 1 0 1 0 1 0 1 1 1 0 0 1 0 1 0 0 1 0 1 1 1 0
 1 1 0]"
13,0.9997631931184515,"[1 1 1 1 1 1 1 1 1 1 1 1 1 1 1 0 0 1 1 1 0 0 1 0 1 0 1 0 1 0 0 1 0 1 1 0 0
 0 0 0]"
13,0.9997631931184515,"[1 1 1 1 1 1 1 1 1 1 1 1 1 1 1 0 0 1 1 1 0 0 1 0 1 0 1 0 1 0 0 1 0 1 1 0 0
 0 0 0]"
13,0.9708931711953303,"[1 1 1 1 1 1 1 1 0 0 1 1 1 1 1 0 1 0 1 1 0 0 1 1 0 0 1 0 1 1 0 1 1 1 0 0 0
 1 0 1]"
13,0.9997631186285274,"[1 1 1 1 1 1 1 1 1 1 1 1 1 1 1 0 0 1 1 1 0 0 1 0 1 0 0 0 1 0 0 1 0 1 1 0 0
 0 0 0]"
13,0.9997622900830392,"[1 1 1 1 1 1 1 1 1 1 1 1 1 1 1 0 0 1 1 1 0 0 0 1 0 0 1 0 0 1 0 1 0 1 1 1 0
 0 0 1]"
13,0.9995915790118572,"[1 1 1 1 1 1 1 1 1 1 1 1 1 1 0 1 0 1 0 1 0 0 1 0 1 0 1 0 1 0 0 0 0 1 0 0 0
 1 0 1]"
13,0.5244021853002371,"[1 1 1 0 1 1 1 1 1 1 1 1 1 1 1 1 0 1 0 1 0 0 0 1 0 0 1 0 1 1 0 1 1 1 1 1 0
 1 0 0]"
13,0.9998421365231392,"[1 1 1 1 1 1 1 1 1 1 1 1 1 1 1 0 1 1 1 1 0 1 1 1 0 0 1 0 0 0 0 1 0 1 0 1 0
 1 0 1]"
13,0.9898411821055706,"[1 1 1 1 1 1 1 1 1 0 1 1 1 1 0 1 0 0 0 1 1 1 0 1 1 1 1 0 1 0 0 1 1 0 0 0 0
 1 0 0]"
13,0.9806129657129566,"[1 1 1 1 1 1 1 1 0 1 1 1 1 1 1 1 1 1 0 1 0 0 1 0 1 0 1 0 1 0 0 0 0 1 0 0 0
 1 0 1]"
13,0.9949683777100337,"[1 1 1 1 1 1 1 1 1 1 0 1 1 1 1 0 1 1 1 1 0 0 1 1 0 0 1 0 1 0 0 1 1 1 1 0 0
 0 0 1]"
13,0.9999348280122016,"[1 1 1 1 1 1 1 1 1 1 1 1 1 1 1 1 1 0 0 1 0 0 1 0 1 0 1 0 1 0 0 0 0 0 0 0 0
 1 0 1]"
13,0.9983534115429156,"[1 1 1 1 1 1 1 1 1 1 1 1 0 1 0 1 0 0 1 1 0 0 1 1 0 1 1 0 1 1 1 1 0 0 0 1 0
 1 0 0]"
13,0.0008317996014205562,"[0 1 1 1 1 1 0 1 1 1 1 1 0 1 1 0 0 1 1 1 0 0 0 1 0 0 1 0 0 0 0 1 0 1 1 1 0
 1 0 1]"
13,0.9997622807990849,"[1 1 1 1 1 1 1 1 1 1 1 1 1 1 1 0 0 1 1 1 0 0 0 1 0 0 1 0 0 0 0 1 0 1 1 1 0
 1 0 0]"
13,0.2515396764738587,"[1 1 0 1 1 1 1 0 1 1 1 1 1 1 1 1 0 1 1 1 0 0 0 1 0 0 0 0 1 1 0 1 0 1 1 1 0
 1 0 0]"
13,0.2630044692684009,"[1 1 0 1 1 1 1 1 1 1 1 1 1 1 1 0 0 1 1 1 0 0 1 1 0 0 1 0 1 0 0 1 1 1 0 0 0
 1 0 1]"
13,0.9998398095684308,"[1 1 1 1 1 1 1 1 1 1 1 1 1 1 1 0 1 1 1 1 0 0 1 1 0 0 1 1 1 0 0 1 1 1 0 0 0
 1 0 1]"
13,0.9993431494050281,"[1 1 1 1 1 1 1 1 1 1 1 1 1 0 1 1 1 0 1 1 0 0 0 1 1 0 1 0 1 0 0 1 0 1 1 0 0
 1 0 0]"
13,0.9993048117140145,"[1 1 1 1 1 1 1 1 1 1 1 1 1 0 1 1 0 1 1 1 0 0 0 1 0 1 0 0 1 1 0 1 0 1 1 1 0
 1 0 0]"
13,0.9997625973901513,"[1 1 1 1 1 1 1 1 1 1 1 1 1 1 1 0 0 1 1 1 0 0 0 1 1 0 1 0 1 0 0 1 0 1 1 1 0
 1 0 1]"
13,0.9947813436086438,"[1 1 1 1 1 1 1 1 1 1 0 1 1 1 0 1 1 0 1 1 0 1 1 1 1 1 1 0 1 0 1 0 1 1 1 1 1
 1 1 1]"
13,0.9997705676911328,"[1 1 1 1 1 1 1 1 1 1 1 1 1 1 1 0 0 1 1 1 1 1 1 1 0 0 0 0 1 0 0 1 0 1 1 0 0
 1 0 1]"
13,0.9615347905218962,"[1 1 1 1 1 1 1 0 1 1 1 1 1 1 1 1 0 1 1 1 0 0 0 1 0 0 0 0 1 1 0 1 0 1 1 1 0
 1 0 0]"
13,0.9997438259518208,"[1 1 1 1 1 1 1 1 1 1 1 1 1 1 1 0 0 1 0 1 0 0 1 0 0 0 1 0 1 0 0 1 0 1 1 0 0
 1 0 1]"
13,0.2630502485759977,"[1 1 0 1 1 1 1 1 1 1 1 1 1 1 1 1 0 1 1 1 0 0 1 0 1 0 1 0 1 0 0 1 0 1 1 0 0
 0 0 0]"
13,0.9853457937745607,"[1 1 1 1 1 1 1 1 1 0 0 1 1 1 1 1 0 1 0 1 0 0 1 0 1 0 1 0 1 1 0 0 0 1 0 1 0
 1 0 1]"
13,0.9997437514631954,"[1 1 1 1 1 1 1 1 1 1 1 1 1 1 1 0 0 1 0 1 0 0 1 0 0 0 0 0 1 0 0 1 0 1 1 0 0
 1 0 1]"
13,0.7277552190090164,"[1 1 1 1 0 1 1 1 1 1 1 1 1 1 1 0 0 0 0 1 0 0 1 0 1 0 1 0 1 0 0 1 1 1 0 0 0
 1 0 1]"
13,0.9974762611955468,"[1 1 1 1 1 1 1 1 1 1 1 0 1 1 1 1 0 1 1 1 0 0 0 1 0 0 0 0 1 1 0 1 0 1 1 1 0
 1 0 0]"
13,0.7132426512139249,"[1 1 1 1 0 1 1 1 0 1 1 1 1 1 1 0 0 1 0 1 0 0 1 0 0 0 1 1 1 0 0 1 0 1 1 0 0
 1 0 1]"
13,0.0009755049890802006,"[0 1 1 1 1 1 1 1 1 1 1 1 1 1 0 0 0 1 1 1 0 0 1 1 0 0 1 0 1 0 0 1 0 1 1 1 1
 1 0 1]"
13,0.9806131972562797,"[1 1 1 1 1 1 1 1 0 1 1 1 1 1 1 1 1 1 0 1 0 0 1 1 0 0 0 0 1 1 0 1 0 1 1 1 1
 1 0 0]"
13,0.99976580497004,"[1 1 1 1 1 1 1 1 1 1 1 1 1 1 1 0 0 1 1 1 0 1 1 1 0 0 0 0 1 0 1 1 0 1 1 0 0
 1 0 1]"
13,0.990023256164135,"[1 1 1 1 1 1 1 1 1 0 1 1 1 1 1 0 0 1 0 1 0 0 1 0 0 0 1 0 1 1 0 1 0 0 1 0 0
 1 0 1]"
13,0.9994584224186329,"[1 1 1 1 1 1 1 1 1 1 1 1 1 1 0 0 0 1 1 1 0 0 1 1 0 0 1 0 1 0 0 1 0 1 1 1 1
 1 0 1]"
13,0.26300410651502765,"[1 1 0 1 1 1 1 1 1 1 1 1 1 1 1 0 0 1 1 1 0 0 0 1 0 0 1 0 0 0 1 1 0 1 1 1 0
 0 0 1]"
step,fitness,genome
14,0.9999533077413939,"[1 1 1 1 1 1 1 1 1 1 1 1 1 1 1 1 1 0 1 1 0 0 0 1 1 0 1 0 1 0 0 1 0 1 1 0 0
 1 1 1]"
14,0.05617166741572272,"[1 0 1 1 1 1 1 1 1 1 1 1 0 0 1 1 1 0 0 1 1 0 1 0 1 1 1 0 1 0 0 1 0 0 0 0 0
 1 0 0]"
14,0.9985507938176713,"[1 1 1 1 1 1 1 1 1 1 1 1 0 1 1 0 0 1 1 1 1 1 1 1 0 0 0 0 1 1 0 0 0 1 1 0 0
 1 0 1]"
14,0.9996110253226466,"[1 1 1 1 1 1 1 1 1 1 1 1 1 1 0 1 0 1 1 1 0 0 1 1 0 1 0 0 1 0 1 1 0 1 1 0 0
 1 0 1]"
14,0.8541344693695143,"[1 1 1 1 1 0 1 1 1 1 1 1 1 1 1 0 1 1 0 1 0 0 0 1 1 0 1 0 1 0 0 1 0 1 1 1 0
 1 0 1]"
14,0.0009763048617455902,"[0 1 1 1 1 1 1 1 1 1 1 1 1 1 1 1 0 0 1 0 0 0 1 0 1 0 1 0 1 0 1 0 0 0 0 0 0
 1 0 1]"
14,0.8332010024784414,"[1 1 1 1 1 0 1 1 0 1 0 1 1 1 1 0 1 1 1 1 0 0 0 1 0 0 1 0 1 0 0 1 1 1 1 0 0
 0 0 1]"
14,0.999762280808178,"[1 1 1 1 1 1 1 1 1 1 1 1 1 1 1 0 0 1 1 1 0 0 0 1 0 0 1 0 0 0 0 1 0 1 1 1 0
 1 0 1]"
14,0.9708838892199849,"[1 1 1 1 1 1 1 1 0 0 1 1 1 1 1 0 1 0 1 0 0 0 1 1 0 0 1 0 1 1 1 1 1 1 0 0 0
 1 0 1]"
14,0.9998966845138731,"[1 1 1 1 1 1 1 1 1 1 1 1 1 1 1 1 0 1 0 1 0 0 1 0 1 0 1 0 1 0 0 0 0 1 0 0 0
 1 0 1]"
14,0.9993628048747294,"[1 1 1 1 1 1 1 1 1 1 1 1 1 0 1 1 1 1 0 1 0 0 1 0 1 0 1 0 1 0 0 0 0 1 0 0 0
 1 0 1]"
14,0.9991026502282081,"[1 1 1 1 1 1 1 1 1 1 1 1 1 0 1 0 0 0 0 1 1 1 0 1 1 1 1 0 0 0 1 1 0 1 1 1 1
 1 0 0]"
14,0.9988473310149686,"[1 1 1 1 1 1 1 1 1 1 1 1 1 0 0 0 0 1 1 1 0 0 0 1 0 0 1 0 0 0 1 1 0 1 1 1 0
 1 0 1]"
14,0.9948994763612613,"[1 1 1 1 1 1 1 1 1 1 0 1 1 1 1 0 0 1 1 1 1 1 1 1 0 0 0 0 1 0 0 1 0 1 1 0 0
 1 0 1]"
14,0.0563014989481209,"[1 0 1 1 1 1 1 1 1 1 1 1 1 1 1 0 1 1 1 1 0 0 1 1 0 1 1 1 1 1 0 1 0 1 0 0 0
 1 0 1]"
14,0.990042371280294,"[1 1 1 1 1 1 1 1 1 0 1 1 1 1 1 0 0 1 1 1 0 0 1 0 1 0 0 0 1 0 0 1 0 1 1 0 0
 0 0 0]"
14,0.9974588173691638,"[1 1 1 1 1 1 1 1 1 1 1 0 1 1 1 1 0 1 0 1 0 0 1 1 1 0 1 1 1 0 0 0 0 1 0 0 0
 1 0 1]"
14,0.9614619372572568,"[1 1 1 1 1 1 1 0 1 1 1 1 1 1 1 0 1 1 1 1 0 0 1 0 0 1 1 0 1 1 0 1 1 1 0 0 0
 1 0 1]"
14,0.05624614096638533,"[1 0 1 1 1 1 1 1 1 1 1 1 1 0 1 0 0 0 0 1 1 1 0 1 1 1 0 0 0 0 1 1 0 1 1 1 1
 1 0 0]"
14,0.9999145669621606,"[1 1 1 1 1 1 1 1 1 1 1 1 1 1 1 1 0 1 1 1 0 0 0 0 1 0 1 0 1 0 0 1 0 1 1 0 0
 0 0 0]"
14,0.9605790476342339,"[1 1 1 1 1 1 1 0 1 1 1 1 1 0 0 0 1 1 1 1 0 0 1 1 0 0 1 1 1 0 0 0 1 1 0 0 0
 1 0 1]"
14,0.05629591373574645,"[1 0 1 1 1 1 1 1 1 1 1 1 1 1 1 0 0 1 1 1 0 1 1 0 1 0 1 0 1 0 0 1 0 1 1 0 0
 0 0 0]"
14,0.9997438259518208,"[1 1 1 1 1 1 1 1 1 1 1 1 1 1 1 0 0 1 0 1 0 0 1 0 0 0 1 0 1 0 0 1 0 1 1 0 0
 1 0 1]"
14,0.8540882947394722,"[1 1 1 1 1 0 1 1 1 1 1 1 1 1 1 0 0 1 1 1 1 0 0 0 0 1 1 0 0 0 0 1 0 1 1 1 0
 1 0 1]"
14,0.7267387792332367,"[1 1 1 1 0 1 1 1 1 1 1 1 0 1 0 1 0 0 1 1 0 0 1 1 0 1 0 0 1 0 1 1 0 0 0 1 0
 1 0 0]"
14,0.9986199573342444,"[1 1 1 1 1 1 1 1 1 1 1 1 0 1 1 0 1 1 1 1 0 0 1 1 0 0 1 1 1 0 1 1 1 1 0 0 0
 1 0 1]"
14,0.999839808986438,"[1 1 1 1 1 1 1 1 1 1 1 1 1 1 1 0 1 1 1 1 0 0 1 1 0 0 1 1 1 0 0 1 1 0 0 0 0
 1 0 1]"
14,0.9999348280122016,"[1 1 1 1 1 1 1 1 1 1 1 1 1 1 1 1 1 0 0 1 0 0 1 0 1 0 1 0 1 0 0 0 0 0 0 0 0
 1 0 1]"
14,0.9997631186285274,"[1 1 1 1 1 1 1 1 1 1 1 1 1 1 1 0 0 1 1 1 0 0 1 0 1 0 0 0 1 0 0 1 0 1 1 0 0
 0 0 0]"
14,0.8530099152208551,"[1 1 1 1 1 0 1 1 1 1 1 1 0 1 1 0 0 1 0 1 0 0 1 0 0 0 0 0 1 0 0 1 0 1 1 0 0
 1 0 1]"
14,0.9614612135969538,"[1 1 1 1 1 1 1 0 1 1 1 1 1 1 1 0 1 1 1 1 0 0 0 1 0 0 1 0 1 0 1 1 1 1 0 0 0
 1 0 1]"
14,0.99976580497004,"[1 1 1 1 1 1 1 1 1 1 1 1 1 1 1 0 0 1 1 1 0 1 1 1 0 0 0 0 1 0 1 1 0 1 1 0 0
 1 0 1]"
14,0.9804140989383131,"[1 1 1 1 1 1 1 1 0 1 1 1 1 1 1 0 0 1 1 1 1 1 1 1 0 0 0 0 1 1 0 1 0 1 1 0 1
 1 0 1]"
14,0.9243627038241764,"[1 1 1 1 1 1 0 1 1 1 1 1 1 1 1 0 1 0 0 1 0 0 1 1 0 1 1 1 1 1 1 1 1 0 0 0 0
 1 0 1]"
14,0.919847711803579,"[1 1 1 1 1 1 0 1 1 1 0 1 1 1 1 0 1 0 1 1 1 1 1 1 0 0 0 0 1 0 1 1 0 1 1 0 0
 1 0 1]"
14,0.9804821241811559,"[1 1 1 1 1 1 1 1 0 1 1 1 1 1 1 0 1 1 1 1 0 0 1 1 0 0 1 1 1 0 0 1 1 1 1 0 0
 1 0 1]"
14,0.9998990684805298,"[1 1 1 1 1 1 1 1 1 1 1 1 1 1 1 1 0 1 0 1 0 1 1 0 1 0 1 0 1 0 0 0 0 1 0 0 0
 1 0 1]"
14,0.979210960970208,"[1 1 1 1 1 1 1 1 0 1 1 1 0 1 1 0 0 1 1 1 0 1 1 1 0 0 1 0 0 0 0 1 0 1 0 1 0
 1 0 1]"
14,0.9999231345495456,"[1 1 1 1 1 1 1 1 1 1 1 1 1 1 1 1 0 1 1 1 1 1 1 1 0 0 0 0 1 0 0 1 0 1 1 0 0
 1 0 1]"
14,0.9948968064350072,"[1 1 1 1 1 1 1 1 1 1 0 1 1 1 1 0 0 1 1 1 1 0 1 0 1 0 0 0 1 0 0 1 0 1 1 0 0
 0 0 1]"
14,0.9998421365231392,"[1 1 1 1 1 1 1 1 1 1 1 1 1 1 1 0 1 1 1 1 0 1 1 1 0 0 1 0 0 0 0 1 0 1 0 1 0
 1 0 1]"
14,0.2297828318530535,"[1 1 0 1 1 1 0 0 1 1 1 1 1 1 0 1 0 1 0 1 0 0 1 0 1 0 1 0 1 0 1 0 0 1 0 0 0
 1 0 1]"
14,0.9147232479405565,"[1 1 1 1 1 1 0 1 1 0 1 1 1 0 1 0 0 1 1 1 0 0 1 0 1 1 1 0 1 0 1 0 0 1 1 0 0
 0 0 0]"
14,0.9997425596458676,"[1 1 1 1 1 1 1 1 1 1 1 1 1 1 1 0 0 1 0 1 0 0 0 0 0 0 0 0 1 0 0 1 0 1 1 0 0
 1 0 1]"
14,0.9974962452866002,"[1 1 1 1 1 1 1 1 1 1 1 0 1 1 1 1 1 0 0 1 0 0 1 0 1 0 1 0 1 0 0 0 0 0 0 0 0
 1 0 1]"
14,0.7273391014483057,"[1 1 1 1 0 1 1 1 1 1 1 1 1 0 1 0 0 1 1 1 0 0 0 1 0 0 1 0 0 0 1 1 0 1 1 1 0
 1 0 1]"
14,0.9998208975859597,"[1 1 1 1 1 1 1 1 1 1 1 1 1 1 1 0 1 1 0 1 0 0 1 1 0 1 1 1 1 1 0 1 1 1 1 0 0
 1 0 1]"
14,0.5239758628067482,"[1 1 1 0 1 1 1 1 1 1 1 1 1 0 1 0 0 1 0 1 0 0 1 0 0 0 0 0 1 0 0 1 0 1 1 0 0
 1 0 1]"
14,0.05627302747191744,"[1 0 1 1 1 1 1 1 1 1 1 1 1 1 0 0 0 1 1 1 0 1 1 1 0 0 0 0 1 0 1 1 0 1 1 0 0
 1 0 0]"
14,0.7278001693013608,"[1 1 1 1 0 1 1 1 1 1 1 1 1 1 1 0 0 1 1 1 0 1 1 1 0 0 0 0 1 0 1 1 0 1 1 0 1
 1 0 1]"
step,fitness,genome
15,0.9999348285942441,"[1 1 1 1 1 1 1 1 1 1 1 1 1 1 1 1 1 0 0 1 0 0 1 0 1 0 1 0 1 0 0 0 0 1 0 0 0
 1 0 1]"
15,0.9063153848842136,"[1 1 1 1 1 1 0 1 0 1 1 1 1 1 1 0 0 1 1 1 1 1 1 1 0 0 0 0 1 1 0 1 0 1 1 0 1
 1 0 0]"
15,0.4432090586397423,"[1 1 1 0 1 0 1 1 1 1 1 1 1 1 1 0 0 1 1 1 0 0 1 0 0 0 0 0 1 0 0 1 0 1 1 0 0
 0 0 0]"
15,0.9998992174786157,"[1 1 1 1 1 1 1 1 1 1 1 1 1 1 1 1 0 1 0 1 0 1 1 0 1 1 1 0 1 0 0 0 0 1 0 0 0
 1 0 1]"
15,0.9803880339273445,"[1 1 1 1 1 1 1 1 0 1 1 1 1 1 1 0 0 1 0 1 0 0 1 0 1 0 0 0 1 0 0 1 0 1 1 0 0
 0 0 0]"
15,0.9900232521262026,"[1 1 1 1 1 1 1 1 1 0 1 1 1 1 1 0 0 1 0 1 0 0 1 0 0 0 1 0 1 0 1 1 0 1 1 0 0
 1 0 1]"
15,0.9993628048747294,"[1 1 1 1 1 1 1 1 1 1 1 1 1 0 1 1 1 1 0 1 0 0 1 0 1 0 1 0 1 0 0 0 0 1 0 0 0
 1 0 1]"
15,0.9615627569920189,"[1 1 1 1 1 1 1 0 1 1 1 1 1 1 1 1 1 0 1 0 0 0 0 1 1 0 1 0 1 0 0 0 0 1 1 0 0
 1 1 1]"
15,0.9997628949132737,"[1 1 1 1 1 1 1 1 1 1 1 1 1 1 1 0 0 1 1 1 0 0 1 0 0 0 1 0 1 0 0 1 0 1 0 0 0
 1 0 1]"
15,0.999898456628248,"[1 1 1 1 1 1 1 1 1 1 1 1 1 1 1 1 0 1 0 1 0 1 0 1 1 0 1 0 0 0 0 1 0 1 1 1 0
 1 0 1]"
15,0.9944934279163269,"[1 1 1 1 1 1 1 1 1 1 0 1 1 0 1 1 1 1 0 1 0 0 1 0 1 0 0 0 1 0 0 0 0 1 0 0 0
 1 0 1]"
15,0.999630312537981,"[1 1 1 1 1 1 1 1 1 1 1 1 1 1 0 1 1 0 0 1 0 0 1 1 1 0 1 0 1 0 1 0 0 0 0 0 0
 1 0 1]"
15,0.9974962824555484,"[1 1 1 1 1 1 1 1 1 1 1 0 1 1 1 1 1 0 0 1 0 0 1 0 1 0 1 1 1 0 0 0 0 0 0 0 0
 1 0 1]"
15,0.9900982364903976,"[1 1 1 1 1 1 1 1 1 0 1 1 1 1 1 0 1 1 0 1 0 0 0 1 0 0 0 1 1 0 1 1 1 1 0 0 0
 1 0 1]"
15,0.9999348280122016,"[1 1 1 1 1 1 1 1 1 1 1 1 1 1 1 1 1 0 0 1 0 0 1 0 1 0 1 0 1 0 0 0 0 0 0 0 0
 1 0 1]"
15,0.9999145669621606,"[1 1 1 1 1 1 1 1 1 1 1 1 1 1 1 1 0 1 1 1 0 0 0 0 1 0 1 0 1 0 0 1 0 1 1 0 0
 0 0 0]"
15,0.05621010139425428,"[1 0 1 1 1 1 1 1 1 1 1 1 0 1 1 0 1 1 1 1 0 1 1 1 0 1 1 0 0 0 0 1 0 1 1 1 0
 1 0 1]"
15,0.9997438259154494,"[1 1 1 1 1 1 1 1 1 1 1 1 1 1 1 0 0 1 0 1 0 0 1 0 0 0 1 0 1 0 0 1 0 1 1 0 0
 0 0 1]"
15,0.9998208976041466,"[1 1 1 1 1 1 1 1 1 1 1 1 1 1 1 0 1 1 0 1 0 0 1 1 0 1 1 1 1 1 0 1 1 1 1 0 0
 1 1 1]"
15,0.9950274135423067,"[1 1 1 1 1 1 1 1 1 1 0 1 1 1 1 1 0 1 0 1 0 1 1 0 1 0 1 0 1 0 0 0 0 1 0 0 0
 1 0 1]"
15,0.05629862329420917,"[1 0 1 1 1 1 1 1 1 1 1 1 1 1 1 0 1 0 1 1 0 0 1 1 0 0 1 1 1 0 0 0 1 0 0 0 0
 1 0 1]"
15,0.9998963891375012,"[1 1 1 1 1 1 1 1 1 1 1 1 1 1 1 1 0 1 0 1 0 0 1 0 0 0 1 0 1 0 0 1 0 1 1 0 0
 1 0 1]"
15,0.9615196035470629,"[1 1 1 1 1 1 1 0 1 1 1 1 1 1 1 1 0 1 0 1 0 1 1 0 1 0 1 0 1 0 0 0 0 1 0 0 0
 1 0 1]"
15,0.9999395974148328,"[1 1 1 1 1 1 1 1 1 1 1 1 1 1 1 1 1 0 0 1 1 0 1 0 1 0 1 0 1 0 0 0 1 0 0 1 0
 1 0 0]"
15,0.9997045711385142,"[1 1 1 1 1 1 1 1 1 1 1 1 1 1 1 0 0 0 0 1 0 0 0 0 0 1 0 0 1 0 0 1 0 1 1 0 0
 1 0 1]"
15,0.9244707891747134,"[1 1 1 1 1 1 0 1 1 1 1 1 1 1 1 1 0 1 0 1 0 1 1 0 0 0 1 0 0 0 0 0 0 1 0 1 0
 1 0 1]"
15,0.9986247197931374,"[1 1 1 1 1 1 1 1 1 1 1 1 0 1 1 0 1 1 1 1 1 0 1 1 0 0 1 1 1 0 1 1 1 1 0 0 0
 1 0 1]"
15,0.9999349781427906,"[1 1 1 1 1 1 1 1 1 1 1 1 1 1 1 1 1 0 0 1 0 0 1 0 1 1 1 0 1 0 0 0 1 0 0 0 0
 0 0 1]"
15,0.9999533077413939,"[1 1 1 1 1 1 1 1 1 1 1 1 1 1 1 1 1 0 1 1 0 0 0 1 1 0 1 0 1 0 0 1 0 1 1 0 0
 1 1 1]"
15,0.9999533074503678,"[1 1 1 1 1 1 1 1 1 1 1 1 1 1 1 1 1 0 1 1 0 0 0 1 1 0 1 0 1 0 0 1 0 1 0 0 0
 1 1 1]"
15,0.849860397501439,"[1 1 1 1 1 0 1 1 1 1 0 1 1 1 1 0 0 1 1 1 0 1 1 1 0 0 0 0 1 0 0 1 0 1 0 0 0
 1 0 1]"
15,0.9999348280122016,"[1 1 1 1 1 1 1 1 1 1 1 1 1 1 1 1 1 0 0 1 0 0 1 0 1 0 1 0 1 0 0 0 0 0 0 0 0
 1 0 1]"
15,0.99004508472222,"[1 1 1 1 1 1 1 1 1 0 1 1 1 1 1 0 0 1 1 1 0 1 1 1 0 0 1 0 0 0 0 1 0 1 0 1 0
 1 0 1]"
15,0.9998966845138731,"[1 1 1 1 1 1 1 1 1 1 1 1 1 1 1 1 0 1 0 1 0 0 1 0 1 0 1 0 1 0 0 0 0 1 0 0 0
 1 0 1]"
15,0.26007791784672435,"[1 1 0 1 1 1 1 1 1 0 1 1 1 1 1 0 0 1 0 1 0 0 1 0 0 0 1 0 1 0 0 1 0 1 1 0 0
 0 0 1]"
15,0.9997491891459795,"[1 1 1 1 1 1 1 1 1 1 1 1 1 1 1 0 0 1 0 1 1 0 1 1 0 0 1 0 1 0 0 1 0 1 1 0 0
 1 0 1]"
15,0.6643975968191687,"[1 1 1 1 0 1 0 1 1 0 1 1 1 1 1 0 0 1 1 1 0 0 0 1 0 0 1 0 0 0 0 1 0 1 1 1 0
 1 0 1]"
15,0.9993047093417246,"[1 1 1 1 1 1 1 1 1 1 1 1 1 0 1 1 0 1 1 1 0 0 0 1 0 0 1 0 0 0 0 1 0 1 1 1 0
 1 0 1]"
15,0.9801074661540411,"[1 1 1 1 1 1 1 1 0 1 1 1 1 1 0 0 0 1 1 1 0 0 1 1 0 1 0 0 1 0 1 1 0 1 0 0 0
 1 0 1]"
15,0.999839808986438,"[1 1 1 1 1 1 1 1 1 1 1 1 1 1 1 0 1 1 1 1 0 0 1 1 0 0 1 1 1 0 0 1 1 0 0 0 0
 1 0 1]"
15,0.9983722251709127,"[1 1 1 1 1 1 1 1 1 1 1 1 0 1 0 1 0 1 0 1 0 0 1 1 0 0 0 0 1 0 1 1 0 1 1 0 0
 1 0 1]"
15,0.05557265993045699,"[1 0 1 1 1 1 1 1 1 0 1 1 1 1 1 0 1 1 1 1 0 0 1 1 0 0 1 1 1 0 0 1 1 0 0 0 0
 1 0 0]"
15,0.9802573300802817,"[1 1 1 1 1 1 1 1 0 1 1 1 1 1 0 1 0 1 1 1 0 0 1 1 0 1 0 0 1 0 1 1 0 1 1 0 0
 1 0 1]"
15,0.9948991796702811,"[1 1 1 1 1 1 1 1 1 1 0 1 1 1 1 0 0 1 1 1 1 1 1 0 1 0 0 0 1 0 0 1 0 1 1 0 0
 0 0 1]"
15,0.9973249128315013,"[1 1 1 1 1 1 1 1 1 1 1 0 1 1 1 0 0 1 1 1 0 0 1 0 1 0 0 0 1 0 0 1 0 1 1 0 0
 0 0 0]"
15,0.9997646131290507,"[1 1 1 1 1 1 1 1 1 1 1 1 1 1 1 0 0 1 1 1 0 1 0 1 0 0 0 0 1 0 1 1 0 1 1 0 0
 1 0 1]"
15,0.9805567460806882,"[1 1 1 1 1 1 1 1 0 1 1 1 1 1 1 1 0 1 1 1 0 0 1 0 1 0 1 0 1 0 0 0 0 1 0 0 0
 1 0 1]"
15,0.9998966845138731,"[1 1 1 1 1 1 1 1 1 1 1 1 1 1 1 1 0 1 0 1 0 0 1 0 1 0 1 0 1 0 0 0 0 1 0 0 0
 1 0 1]"
15,0.9988476287290446,"[1 1 1 1 1 1 1 1 1 1 1 1 1 0 0 0 0 1 1 1 0 0 0 1 1 0 1 0 0 0 1 1 0 1 1 1 0
 1 0 1]"
15,0.9999348280122016,"[1 1 1 1 1 1 1 1 1 1 1 1 1 1 1 1 1 0 0 1 0 0 1 0 1 0 1 0 1 0 0 0 0 0 0 0 0
 1 0 1]"
step,fitness,genome
16,0.7278986902007598,"[1 1 1 1 0 1 1 1 1 1 1 1 1 1 1 1 0 1 0 1 0 0 1 1 0 0 0 0 1 0 0 1 1 1 1 0 0
 1 0 1]"
16,0.9999533426554288,"[1 1 1 1 1 1 1 1 1 1 1 1 1 1 1 1 1 0 1 1 0 0 0 1 1 0 1 1 1 0 0 0 0 1 1 0 0
 1 1 0]"
16,0.6181640486579355,"[1 1 1 1 0 0 1 1 1 1 1 1 1 0 1 0 0 1 0 1 0 0 1 0 0 0 1 0 1 0 0 1 0 1 1 0 0
 0 0 1]"
16,0.9998984577922947,"[1 1 1 1 1 1 1 1 1 1 1 1 1 1 1 1 0 1 0 1 0 1 0 1 1 0 1 0 0 0 0 1 1 1 1 1 0
 1 0 1]"
16,0.9877953835349006,"[1 1 1 1 1 1 1 1 1 0 1 0 1 1 1 1 1 0 0 1 0 0 1 0 1 0 1 1 1 0 0 0 0 0 0 0 0
 1 0 1]"
16,0.9999395974148328,"[1 1 1 1 1 1 1 1 1 1 1 1 1 1 1 1 1 0 0 1 1 0 1 0 1 0 1 0 1 0 0 0 1 0 0 1 0
 1 0 0]"
16,0.9999348280303904,"[1 1 1 1 1 1 1 1 1 1 1 1 1 1 1 1 1 0 0 1 0 0 1 0 1 0 1 0 1 0 0 0 0 0 0 0 0
 1 1 1]"
16,0.9998966938262329,"[1 1 1 1 1 1 1 1 1 1 1 1 1 1 1 1 0 1 0 1 0 0 1 0 1 0 1 0 1 1 0 0 0 1 0 0 0
 1 0 1]"
16,0.9999342395856117,"[1 1 1 1 1 1 1 1 1 1 1 1 1 1 1 1 1 0 0 1 0 0 0 1 1 0 1 0 1 0 1 1 0 1 0 0 0
 1 1 1]"
16,0.9995915046789067,"[1 1 1 1 1 1 1 1 1 1 1 1 1 1 0 1 0 1 0 1 0 0 1 0 1 0 0 0 1 0 0 0 0 1 0 1 0
 1 0 1]"
16,0.9998232744243714,"[1 1 1 1 1 1 1 1 1 1 1 1 1 1 1 0 1 1 0 1 0 1 1 1 0 1 1 1 1 0 1 0 1 1 1 0 0
 1 1 1]"
16,0.0563100591387529,"[1 0 1 1 1 1 1 1 1 1 1 1 1 1 1 1 1 0 1 1 0 0 1 0 1 1 0 0 1 0 0 1 0 0 0 0 0
 1 0 1]"
16,0.9975343075413543,"[1 1 1 1 1 1 1 1 1 1 1 0 1 1 1 1 1 1 0 1 0 0 1 0 1 0 1 0 1 0 0 0 0 1 0 0 0
 1 1 1]"
16,0.9896455623492958,"[1 1 1 1 1 1 1 1 1 0 1 1 1 0 1 1 1 1 0 1 0 0 1 0 1 0 1 0 1 0 0 0 0 1 0 0 0
 1 0 1]"
16,0.9805754850638985,"[1 1 1 1 1 1 1 1 0 1 1 1 1 1 1 1 1 0 0 1 0 0 1 0 1 0 1 0 1 0 0 0 0 0 0 0 0
 1 0 1]"
16,0.9999348281577122,"[1 1 1 1 1 1 1 1 1 1 1 1 1 1 1 1 1 0 0 1 0 0 1 0 1 0 1 0 1 0 0 0 0 0 0 1 0
 1 0 1]"
16,0.9993431491232514,"[1 1 1 1 1 1 1 1 1 1 1 1 1 0 1 1 1 0 1 1 0 0 0 1 1 0 1 0 1 0 0 1 0 1 0 0 0
 1 0 1]"
16,0.9520068900693419,"[1 1 1 1 1 1 1 0 1 0 1 1 1 1 1 0 0 1 1 1 0 1 1 1 0 0 1 1 0 0 0 1 0 1 0 1 0
 1 0 1]"
16,0.9998765720632007,"[1 1 1 1 1 1 1 1 1 1 1 1 1 1 1 1 0 0 1 1 0 0 0 0 1 1 1 0 1 0 0 1 0 0 1 0 1
 0 0 0]"
16,0.9805989112388716,"[1 1 1 1 1 1 1 1 0 1 1 1 1 1 1 1 1 0 1 1 1 0 1 0 1 0 1 0 1 0 0 0 1 0 0 1 0
 1 0 0]"
16,0.9998966472644347,"[1 1 1 1 1 1 1 1 1 1 1 1 1 1 1 1 0 1 0 1 0 0 1 0 1 0 0 1 1 0 0 0 0 1 0 0 0
 1 0 1]"
16,0.9999349839995938,"[1 1 1 1 1 1 1 1 1 1 1 1 1 1 1 1 1 0 0 1 0 0 1 0 1 1 1 0 1 0 1 1 0 0 0 0 0
 1 0 1]"
16,0.0009764355078921581,"[0 1 1 1 1 1 1 1 1 1 1 1 1 1 1 1 1 0 0 1 0 0 1 0 1 1 1 0 1 0 0 0 1 0 0 0 0
 0 0 1]"
16,0.7279705743408404,"[1 1 1 1 0 1 1 1 1 1 1 1 1 1 1 1 1 1 1 1 0 0 1 1 1 0 0 0 1 0 0 1 0 1 1 0 0
 1 1 1]"
16,0.6678114020439114,"[1 1 1 1 0 1 0 1 1 1 0 1 1 1 1 0 1 0 1 1 0 0 0 1 0 0 1 0 1 0 0 1 0 1 1 0 0
 1 1 1]"
16,0.999954499493807,"[1 1 1 1 1 1 1 1 1 1 1 1 1 1 1 1 1 0 1 1 0 0 1 1 1 0 1 0 1 0 0 1 0 1 0 0 0
 1 1 1]"
16,0.9998208976041466,"[1 1 1 1 1 1 1 1 1 1 1 1 1 1 1 0 1 1 0 1 0 0 1 1 0 1 1 1 1 1 0 1 1 1 1 0 0
 1 1 1]"
16,0.7278983053196817,"[1 1 1 1 0 1 1 1 1 1 1 1 1 1 1 1 0 1 0 1 0 0 1 0 0 0 1 0 1 1 0 1 1 1 1 0 0
 1 0 1]"
16,0.9999145669621606,"[1 1 1 1 1 1 1 1 1 1 1 1 1 1 1 1 0 1 1 1 0 0 0 0 1 0 1 0 1 0 0 1 0 1 1 0 0
 0 0 0]"
16,0.9998966845138731,"[1 1 1 1 1 1 1 1 1 1 1 1 1 1 1 1 0 1 0 1 0 0 1 0 1 0 1 0 1 0 0 0 0 1 0 0 0
 1 0 1]"
16,0.9899878481047746,"[1 1 1 1 1 1 1 1 1 0 1 1 1 1 1 0 0 0 0 1 0 1 1 0 0 0 1 1 1 0 1 1 0 1 1 0 0
 1 0 1]"
16,0.9993628050201652,"[1 1 1 1 1 1 1 1 1 1 1 1 1 0 1 1 1 1 0 1 0 0 1 0 1 0 1 0 1 0 0 0 0 1 0 1 0
 1 0 1]"
16,0.9998991988538538,"[1 1 1 1 1 1 1 1 1 1 1 1 1 1 1 1 0 1 0 1 0 1 1 0 1 1 1 0 0 0 0 0 0 1 0 0 0
 1 0 1]"
16,0.9998992186426633,"[1 1 1 1 1 1 1 1 1 1 1 1 1 1 1 1 0 1 0 1 0 1 1 0 1 1 1 0 1 0 0 0 1 1 0 0 0
 1 0 1]"
16,0.9877770730634478,"[1 1 1 1 1 1 1 1 1 0 1 0 1 1 1 1 0 1 1 1 0 0 1 1 1 0 1 0 1 0 0 0 0 1 0 0 0
 1 0 1]"
16,0.9999342326011058,"[1 1 1 1 1 1 1 1 1 1 1 1 1 1 1 1 1 0 0 1 0 0 0 1 1 0 1 0 1 0 0 0 0 1 0 0 0
 1 1 1]"
16,0.9987193145309341,"[1 1 1 1 1 1 1 1 1 1 1 1 0 1 1 1 1 0 0 1 1 0 1 0 0 0 1 0 0 0 0 0 1 0 0 0 0
 1 0 1]"
16,0.0008016412058448698,"[0 1 1 1 1 1 0 1 0 1 1 1 1 1 1 1 1 0 0 1 0 0 1 0 1 1 1 1 1 0 0 0 0 0 0 0 0
 0 0 1]"
16,0.9998965381352277,"[1 1 1 1 1 1 1 1 1 1 1 1 1 1 1 1 0 1 0 1 0 0 1 0 0 1 1 0 1 0 0 1 0 1 1 0 0
 1 0 1]"
16,0.9999392249788727,"[1 1 1 1 1 1 1 1 1 1 1 1 1 1 1 1 1 0 0 1 1 0 1 0 0 0 0 0 1 0 0 0 1 0 0 1 1
 1 0 0]"
16,0.9950440282589903,"[1 1 1 1 1 1 1 1 1 1 0 1 1 1 1 1 0 1 1 1 0 0 1 0 1 0 1 0 1 0 0 0 0 1 0 0 0
 1 0 1]"
16,0.9950274135332524,"[1 1 1 1 1 1 1 1 1 1 0 1 1 1 1 1 0 1 0 1 0 1 1 0 1 0 1 0 1 0 0 0 0 1 0 0 0
 1 0 0]"
16,0.5243710062438435,"[1 1 1 0 1 1 1 1 1 1 1 1 1 1 1 0 1 1 1 1 0 0 1 1 1 0 1 0 1 0 0 1 0 1 0 0 0
 1 1 1]"
16,0.5243911767864129,"[1 1 1 0 1 1 1 1 1 1 1 1 1 1 1 1 0 0 1 1 0 0 0 0 0 0 1 0 1 0 0 1 0 1 0 0 0
 1 0 1]"
16,0.9986235291764978,"[1 1 1 1 1 1 1 1 1 1 1 1 0 1 1 0 1 1 1 1 1 0 0 1 0 0 1 1 1 0 1 1 1 1 0 0 0
 1 0 1]"
16,0.9999538260407639,"[1 1 1 1 1 1 1 1 1 1 1 1 1 1 1 1 1 0 1 1 0 0 1 0 1 0 0 0 1 0 0 0 0 0 0 0 0
 1 0 1]"
16,0.9999348283032228,"[1 1 1 1 1 1 1 1 1 1 1 1 1 1 1 1 1 0 0 1 0 0 1 0 1 0 1 0 1 0 0 0 0 0 1 0 0
 1 0 1]"
16,0.48223578978772264,"[1 1 1 0 1 1 0 1 1 1 1 1 1 1 1 0 0 1 1 1 0 0 1 1 0 0 1 1 1 0 0 1 1 0 0 0 0
 1 0 1]"
16,0.9902127250569883,"[1 1 1 1 1 1 1 1 1 0 1 1 1 1 1 1 1 0 0 1 0 0 1 0 1 1 1 0 1 0 0 0 0 0 0 0 0
 1 0 1]"
16,0.9997492028216922,"[1 1 1 1 1 1 1 1 1 1 1 1 1 1 1 0 0 1 0 1 1 0 1 1 0 0 1 0 1 1 1 1 0 1 0 0 0
 1 0 1]"
step,fitness,genome
17,0.9999533444015852,"[1 1 1 1 1 1 1 1 1 1 1 1 1 1 1 1 1 0 1 1 0 0 0 1 1 0 1 1 1 0 0 1 0 0 1 0 0
 1 1 0]"
17,0.9999348349967112,"[1 1 1 1 1 1 1 1 1 1 1 1 1 1 1 1 1 0 0 1 0 0 1 0 1 0 1 0 1 0 1 1 0 0 0 0 0
 1 0 1]"
17,0.9973098071545188,"[1 1 1 1 1 1 1 1 1 1 1 0 1 1 1 0 0 1 0 1 1 0 0 1 0 0 1 0 0 0 0 1 1 1 0 1 0
 1 0 1]"
17,0.8542037232782588,"[1 1 1 1 1 0 1 1 1 1 1 1 1 1 1 1 0 1 0 1 0 1 1 1 1 0 0 0 1 1 1 1 0 1 1 0 0
 1 0 1]"
17,0.9950671713171992,"[1 1 1 1 1 1 1 1 1 1 0 1 1 1 1 1 1 0 0 1 1 0 0 1 1 0 1 0 1 0 0 0 1 0 0 1 0
 1 0 0]"
17,0.9995845792444704,"[1 1 1 1 1 1 1 1 1 1 1 1 1 1 0 1 0 1 0 0 0 1 1 0 1 1 1 0 1 0 0 0 1 1 0 0 0
 1 1 1]"
17,0.9998966192909803,"[1 1 1 1 1 1 1 1 1 1 1 1 1 1 1 1 0 1 0 1 0 0 1 0 1 0 0 0 1 1 0 0 0 1 0 0 0
 0 0 1]"
17,0.9998968148869174,"[1 1 1 1 1 1 1 1 1 1 1 1 1 1 1 1 0 1 0 1 0 0 1 0 1 1 1 0 0 0 0 0 0 1 0 0 0
 1 0 1]"
17,0.9997492029671785,"[1 1 1 1 1 1 1 1 1 1 1 1 1 1 1 0 0 1 0 1 1 0 1 1 0 0 1 0 1 1 1 1 0 1 0 1 0
 1 0 1]"
17,0.26013608019802553,"[1 1 0 1 1 1 1 1 1 0 1 1 1 1 1 1 1 0 0 1 1 0 1 0 0 0 0 0 1 1 0 0 1 0 0 1 1
 1 0 0]"
17,0.999592901004575,"[1 1 1 1 1 1 1 1 1 1 1 1 1 1 0 1 0 1 0 1 0 1 0 0 1 1 1 0 0 0 0 0 0 1 0 0 0
 1 0 1]"
17,0.9999544249910546,"[1 1 1 1 1 1 1 1 1 1 1 1 1 1 1 1 1 0 1 1 0 0 1 1 1 0 0 0 1 0 0 1 0 1 0 0 0
 1 1 1]"
17,0.9242206482974146,"[1 1 1 1 1 1 0 1 1 1 1 1 1 1 0 1 1 0 0 1 0 0 1 1 1 0 1 0 1 0 1 1 0 1 0 0 0
 1 1 1]"
17,0.9998775390491924,"[1 1 1 1 1 1 1 1 1 1 1 1 1 1 1 1 0 0 1 1 0 0 1 0 1 0 0 0 1 0 0 0 1 0 0 0 0
 1 0 1]"
17,0.0235883493200765,"[1 0 1 0 1 1 1 1 1 1 1 1 1 1 1 1 1 0 1 1 0 0 0 1 1 0 1 1 1 0 0 0 0 1 0 0 0
 1 1 0]"
17,0.9896260786822394,"[1 1 1 1 1 1 1 1 1 0 1 1 1 0 1 1 1 0 1 1 0 0 0 1 1 0 1 0 1 0 0 1 0 1 0 0 0
 1 0 0]"
17,0.9999348283032228,"[1 1 1 1 1 1 1 1 1 1 1 1 1 1 1 1 1 0 0 1 0 0 1 0 1 0 1 0 1 0 0 0 0 0 1 0 0
 1 0 1]"
17,0.9994389920879924,"[1 1 1 1 1 1 1 1 1 1 1 1 1 1 0 0 0 1 0 1 0 0 1 0 1 0 0 0 1 1 0 0 0 0 0 1 0
 1 0 1]"
17,0.9244699639812036,"[1 1 1 1 1 1 0 1 1 1 1 1 1 1 1 1 0 1 0 1 0 1 0 0 1 0 1 0 0 0 1 1 1 1 1 1 0
 1 0 1]"
17,0.999926076456129,"[1 1 1 1 1 1 1 1 1 1 1 1 1 1 1 1 1 0 0 0 0 0 1 1 1 1 1 1 1 0 0 1 0 0 0 0 0
 1 0 1]"
17,0.9998782112919695,"[1 1 1 1 1 1 1 1 1 1 1 1 1 1 1 1 0 0 1 1 0 0 1 1 1 0 1 0 1 0 0 1 0 1 0 0 0
 1 1 1]"
17,0.9998966472644347,"[1 1 1 1 1 1 1 1 1 1 1 1 1 1 1 1 0 1 0 1 0 0 1 0 1 0 0 1 1 0 0 0 0 1 0 0 0
 1 0 1]"
17,0.9999544971655959,"[1 1 1 1 1 1 1 1 1 1 1 1 1 1 1 1 1 0 1 1 0 0 1 1 1 0 1 0 1 0 0 0 0 1 0 0 0
 1 1 1]"
17,0.9999242558431234,"[1 1 1 1 1 1 1 1 1 1 1 1 1 1 1 1 1 0 0 0 0 0 0 0 1 1 1 0 1 0 1 1 0 0 0 0 0
 1 0 1]"
17,0.9999392249788727,"[1 1 1 1 1 1 1 1 1 1 1 1 1 1 1 1 1 0 0 1 1 0 1 0 0 0 0 0 1 0 0 0 1 0 0 1 1
 1 0 0]"
17,0.9245216591822083,"[1 1 1 1 1 1 0 1 1 1 1 1 1 1 1 1 1 0 1 1 0 0 0 1 1 0 1 1 1 0 0 0 0 1 1 0 0
 1 1 0]"
17,0.05630857680831096,"[1 0 1 1 1 1 1 1 1 1 1 1 1 1 1 1 1 0 0 1 0 0 0 1 1 0 1 0 1 0 0 1 0 1 0 0 0
 1 1 1]"
17,0.9999145669621606,"[1 1 1 1 1 1 1 1 1 1 1 1 1 1 1 1 0 1 1 1 0 0 0 0 1 0 1 0 1 0 0 1 0 1 1 0 0
 0 0 0]"
17,0.9999389891325376,"[1 1 1 1 1 1 1 1 1 1 1 1 1 1 1 1 1 0 0 1 1 0 0 1 1 0 1 0 0 0 1 1 0 1 0 0 1
 1 1 1]"
17,0.9998992186426633,"[1 1 1 1 1 1 1 1 1 1 1 1 1 1 1 1 0 1 0 1 0 1 1 0 1 1 1 0 1 0 0 0 1 1 0 0 0
 1 0 1]"
17,0.8541837327498886,"[1 1 1 1 1 0 1 1 1 1 1 1 1 1 1 1 0 0 1 1 0 0 0 0 1 1 1 0 1 0 0 1 0 0 1 0 0
 0 1 0]"
17,0.994911117226719,"[1 1 1 1 1 1 1 1 1 1 0 1 1 1 1 0 1 0 0 1 0 0 1 0 1 0 1 0 1 0 0 0 0 0 1 0 0
 1 0 1]"
17,0.056298643089248736,"[1 0 1 1 1 1 1 1 1 1 1 1 1 1 1 0 1 0 1 1 0 0 1 1 1 0 1 0 1 0 0 1 1 1 0 0 0
 1 1 1]"
17,0.8531750437192552,"[1 1 1 1 1 0 1 1 1 1 1 1 0 1 1 1 1 0 0 1 0 0 0 1 1 0 1 0 1 0 1 0 0 1 0 0 0
 1 1 1]"
17,0.05612560340254617,"[1 0 1 1 1 1 1 1 1 1 1 0 1 1 1 1 1 0 0 1 0 0 1 0 1 1 1 0 1 0 1 1 0 0 0 0 0
 1 0 1]"
17,0.9987192588522597,"[1 1 1 1 1 1 1 1 1 1 1 1 0 1 1 1 1 0 0 1 1 0 1 0 0 0 0 0 1 0 0 0 1 0 0 1 0
 1 0 0]"
17,0.9902125775028435,"[1 1 1 1 1 1 1 1 1 0 1 1 1 1 1 1 1 0 0 1 0 0 1 0 1 0 1 0 1 0 0 0 0 0 0 1 0
 1 0 1]"
17,0.9998984719245508,"[1 1 1 1 1 1 1 1 1 1 1 1 1 1 1 1 0 1 0 1 0 1 0 1 1 0 1 0 1 0 0 0 0 0 0 0 0
 1 1 1]"
17,0.9999342395856117,"[1 1 1 1 1 1 1 1 1 1 1 1 1 1 1 1 1 0 0 1 0 0 0 1 1 0 1 0 1 0 1 1 0 1 0 0 0
 1 1 1]"
17,0.9580238229399289,"[1 1 1 1 1 1 1 0 1 1 1 0 0 1 1 1 1 0 0 1 0 0 0 0 1 1 1 0 1 0 1 1 0 0 0 1 0
 1 0 1]"
17,0.8541837327972416,"[1 1 1 1 1 0 1 1 1 1 1 1 1 1 1 1 0 0 1 1 0 0 0 0 1 1 1 0 1 0 0 1 0 0 1 0 1
 0 0 0]"
17,0.9999342326011058,"[1 1 1 1 1 1 1 1 1 1 1 1 1 1 1 1 1 0 0 1 0 0 0 1 1 0 1 0 1 0 0 0 0 1 0 0 0
 1 1 1]"
17,0.263053025180447,"[1 1 0 1 1 1 1 1 1 1 1 1 1 1 1 1 1 0 0 0 0 0 1 0 0 0 1 0 1 0 0 0 0 0 1 0 0
 1 0 1]"
17,0.9987193145309341,"[1 1 1 1 1 1 1 1 1 1 1 1 0 1 1 1 1 0 0 1 1 0 1 0 0 0 1 0 0 0 0 0 1 0 0 0 0
 1 0 1]"
17,0.9950274135332524,"[1 1 1 1 1 1 1 1 1 1 0 1 1 1 1 1 0 1 0 1 0 1 1 0 1 0 1 0 1 0 0 0 0 1 0 0 0
 1 0 0]"
17,0.8539363397364349,"[1 1 1 1 1 0 1 1 1 1 1 1 1 1 0 1 0 1 0 1 0 0 1 0 1 0 0 0 1 0 0 1 0 1 0 1 0
 1 0 1]"
17,0.2630558475640144,"[1 1 0 1 1 1 1 1 1 1 1 1 1 1 1 1 1 0 0 1 0 0 0 1 1 1 1 0 1 0 0 0 0 1 0 0 0
 1 1 1]"
17,0.9999348283032228,"[1 1 1 1 1 1 1 1 1 1 1 1 1 1 1 1 1 0 0 1 0 0 1 0 1 0 1 0 1 0 0 0 0 0 1 0 0
 1 0 1]"
17,0.9987333605174236,"[1 1 1 1 1 1 1 1 1 1 1 1 0 1 1 1 1 0 1 1 0 0 0 1 1 0 1 1 1 0 0 0 0 0 1 0 0
 1 1 0]"
17,0.9999729734203461,"[1 1 1 1 1 1 1 1 1 1 1 1 1 1 1 1 1 1 0 1 0 0 1 0 1 0 1 0 1 0 0 0 0 0 0 0 0
 1 1 1]"
step,fitness,genome
18,0.0005120978884237664,"[0 1 1 1 0 1 1 1 1 1 1 1 1 1 1 1 1 0 0 1 0 0 1 1 1 0 1 0 1 1 0 0 0 1 0 0 0
 1 1 1]"
18,4.440434156392516e-05,"[0 1 0 1 1 1 0 1 1 1 1 1 0 1 1 1 1 1 1 1 0 0 1 0 1 0 1 0 1 0 0 0 0 0 0 0 1
 1 1 1]"
18,0.9987192589249353,"[1 1 1 1 1 1 1 1 1 1 1 1 0 1 1 1 1 0 0 1 1 0 1 0 0 0 0 0 1 0 0 0 1 0 0 1 1
 1 0 0]"
18,0.9999242558340291,"[1 1 1 1 1 1 1 1 1 1 1 1 1 1 1 1 1 0 0 0 0 0 0 0 1 1 1 0 1 0 1 1 0 0 0 0 0
 1 0 0]"
18,0.9999342718889519,"[1 1 1 1 1 1 1 1 1 1 1 1 1 1 1 1 1 0 0 1 0 0 0 1 1 0 1 1 1 0 0 1 0 0 1 0 0
 1 1 1]"
18,0.9999544249910546,"[1 1 1 1 1 1 1 1 1 1 1 1 1 1 1 1 1 0 1 1 0 0 1 1 1 0 0 0 1 0 0 1 0 1 0 0 0
 1 1 1]"
18,0.961590953008179,"[1 1 1 1 1 1 1 0 1 1 1 1 1 1 1 1 1 1 0 1 0 0 1 0 1 0 1 0 1 0 0 1 0 0 1 0 0
 1 1 1]"
18,0.9999348283032228,"[1 1 1 1 1 1 1 1 1 1 1 1 1 1 1 1 1 0 0 1 0 0 1 0 1 0 1 0 1 0 0 0 0 0 1 0 0
 1 0 1]"
18,0.9603942479267298,"[1 1 1 1 1 1 1 0 1 1 1 1 0 1 1 1 1 0 1 1 0 0 0 1 1 0 1 1 1 0 0 1 0 0 1 0 0
 1 1 0]"
18,0.9998108657212358,"[1 1 1 1 1 1 1 1 1 1 1 1 1 1 1 0 1 1 0 0 0 0 1 0 1 0 1 0 1 0 0 0 1 0 0 0 0
 1 1 1]"
18,0.9999401003836474,"[1 1 1 1 1 1 1 1 1 1 1 1 1 1 1 1 1 0 0 1 1 0 1 1 1 0 0 0 0 0 0 0 1 0 0 1 1
 1 0 1]"
18,0.9999538289601205,"[1 1 1 1 1 1 1 1 1 1 1 1 1 1 1 1 1 0 1 1 0 0 1 0 1 0 0 0 1 0 0 1 0 1 0 0 0
 1 1 0]"
18,0.9947497537536804,"[1 1 1 1 1 1 1 1 1 1 0 1 1 1 0 1 1 0 0 0 0 0 1 0 1 0 1 0 1 0 1 1 0 0 0 0 0
 1 0 1]"
18,0.9999533051949158,"[1 1 1 1 1 1 1 1 1 1 1 1 1 1 1 1 1 0 1 1 0 0 0 1 1 0 1 0 1 0 0 0 0 1 0 0 1
 1 1 1]"
18,0.9999582107412411,"[1 1 1 1 1 1 1 1 1 1 1 1 1 1 1 1 1 0 1 1 1 0 0 1 1 1 1 0 0 0 1 1 0 1 0 0 1
 1 1 1]"
18,0.9999162871677287,"[1 1 1 1 1 1 1 1 1 1 1 1 1 1 1 1 0 1 1 1 0 0 1 1 1 0 0 0 1 1 0 0 0 1 0 0 0
 0 0 1]"
18,0.05630718957747294,"[1 0 1 1 1 1 1 1 1 1 1 1 1 1 1 1 0 1 1 1 0 0 1 0 1 0 1 0 1 0 0 1 0 1 1 0 0
 0 0 0]"
18,0.9996493036319607,"[1 1 1 1 1 1 1 1 1 1 1 1 1 1 0 1 1 0 1 1 0 0 1 1 1 0 0 0 1 0 0 1 0 1 0 0 0
 1 1 1]"
18,0.7259546653718977,"[1 1 1 1 0 1 1 1 1 1 1 0 1 1 1 0 0 1 0 1 1 0 0 1 0 0 1 0 0 0 0 1 1 1 0 1 0
 1 0 1]"
18,0.9986672026215276,"[1 1 1 1 1 1 1 1 1 1 1 1 0 1 1 1 0 1 0 0 0 0 1 0 1 0 0 1 1 0 0 0 0 1 0 0 0
 1 0 1]"
18,0.9999544971655959,"[1 1 1 1 1 1 1 1 1 1 1 1 1 1 1 1 1 0 1 1 0 0 1 1 1 0 1 0 1 0 0 0 0 1 0 0 0
 1 1 1]"
18,0.9999389891325376,"[1 1 1 1 1 1 1 1 1 1 1 1 1 1 1 1 1 0 0 1 1 0 0 1 1 0 1 0 0 0 1 1 0 1 0 0 1
 1 1 1]"
18,0.053443603765044256,"[1 0 1 1 1 1 1 0 1 1 1 1 1 1 1 1 1 0 0 1 0 0 0 1 1 0 1 0 1 0 0 0 0 1 0 0 0
 1 1 1]"
18,0.9805668861484436,"[1 1 1 1 1 1 1 1 0 1 1 1 1 1 1 1 1 0 0 0 0 0 1 1 1 1 1 1 1 0 0 1 0 0 0 0 0
 1 0 1]"
18,0.9902503890799335,"[1 1 1 1 1 1 1 1 1 0 1 1 1 1 1 1 1 1 0 1 0 0 1 0 1 0 1 0 1 0 0 0 0 0 1 0 0
 1 0 1]"
18,0.999954499493807,"[1 1 1 1 1 1 1 1 1 1 1 1 1 1 1 1 1 0 1 1 0 0 1 1 1 0 1 0 1 0 0 1 0 1 0 0 0
 1 1 1]"
18,0.9999392249424949,"[1 1 1 1 1 1 1 1 1 1 1 1 1 1 1 1 1 0 0 1 1 0 1 0 0 0 0 0 1 0 0 0 1 0 0 1 1
 0 0 0]"
18,0.9999345371365166,"[1 1 1 1 1 1 1 1 1 1 1 1 1 1 1 1 1 0 0 1 0 0 1 0 0 0 1 0 1 0 1 1 0 0 0 1 0
 1 0 1]"
18,0.997147397048824,"[1 1 1 1 1 1 1 1 1 1 1 0 1 1 0 1 0 1 0 0 0 1 1 1 1 1 1 1 1 0 0 0 1 1 0 0 0
 1 1 1]"
18,0.5244264812839269,"[1 1 1 0 1 1 1 1 1 1 1 1 1 1 1 1 1 0 0 1 1 0 1 0 0 0 0 0 1 1 0 0 1 0 0 1 1
 1 0 0]"
18,0.9999729737113773,"[1 1 1 1 1 1 1 1 1 1 1 1 1 1 1 1 1 1 0 1 0 0 1 0 1 0 1 0 1 0 0 0 0 0 1 0 0
 1 1 1]"
18,0.9999389891325376,"[1 1 1 1 1 1 1 1 1 1 1 1 1 1 1 1 1 0 0 1 1 0 0 1 1 0 1 0 0 0 1 1 0 1 0 0 1
 1 1 1]"
18,0.7276980050406483,"[1 1 1 1 0 1 1 1 1 1 1 1 1 1 0 1 1 0 0 1 0 0 1 0 1 1 1 0 0 0 1 1 0 0 0 0 0
 1 0 1]"
18,0.9998992186426633,"[1 1 1 1 1 1 1 1 1 1 1 1 1 1 1 1 0 1 0 1 0 1 1 0 1 1 1 0 1 0 0 0 1 1 0 0 0
 1 0 1]"
18,0.9987142789698142,"[1 1 1 1 1 1 1 1 1 1 1 1 0 1 1 1 1 0 0 1 0 0 0 1 1 0 1 0 1 0 1 1 0 1 0 0 0
 0 1 1]"
18,0.9999544249910546,"[1 1 1 1 1 1 1 1 1 1 1 1 1 1 1 1 1 0 1 1 0 0 1 1 1 0 0 0 1 0 0 1 0 1 0 0 0
 1 1 1]"
18,0.9999729734203461,"[1 1 1 1 1 1 1 1 1 1 1 1 1 1 1 1 1 1 0 1 0 0 1 0 1 0 1 0 1 0 0 0 0 0 0 0 0
 1 1 1]"
18,0.9999299873483388,"[1 1 1 1 1 1 1 1 1 1 1 1 1 1 1 1 1 0 0 0 1 0 1 0 1 0 0 0 1 0 0 0 1 1 0 1 1
 0 0 0]"
18,0.5244453609294125,"[1 1 1 0 1 1 1 1 1 1 1 1 1 1 1 1 1 1 0 1 0 0 1 0 1 0 1 0 1 1 0 0 0 0 0 0 0
 1 0 1]"
18,0.5243386666619939,"[1 1 1 0 1 1 1 1 1 1 1 1 1 1 1 0 1 0 0 1 0 0 1 0 1 0 1 0 1 0 0 0 0 0 1 0 0
 1 0 1]"
18,0.26305278115368613,"[1 1 0 1 1 1 1 1 1 1 1 1 1 1 1 1 1 0 0 0 0 0 0 0 1 1 0 0 1 0 1 1 1 0 0 0 0
 1 0 1]"
18,0.9999533426554288,"[1 1 1 1 1 1 1 1 1 1 1 1 1 1 1 1 1 0 1 1 0 0 0 1 1 0 1 1 1 0 0 0 0 1 1 0 0
 1 1 0]"
18,0.0009027770352929762,"[0 1 1 1 1 1 1 0 1 1 1 1 1 1 1 1 1 0 0 1 0 0 1 0 1 0 1 0 1 0 0 1 0 0 0 0 0
 1 0 1]"
18,0.9987333628249065,"[1 1 1 1 1 1 1 1 1 1 1 1 0 1 1 1 1 0 1 1 0 0 0 1 1 0 1 1 1 0 0 1 0 0 1 0 0
 1 0 0]"
18,0.9999389891143488,"[1 1 1 1 1 1 1 1 1 1 1 1 1 1 1 1 1 0 0 1 1 0 0 1 1 0 1 0 0 0 1 1 0 1 0 0 1
 1 0 1]"
18,0.9999729757485959,"[1 1 1 1 1 1 1 1 1 1 1 1 1 1 1 1 1 1 0 1 0 0 1 0 1 0 1 0 1 0 0 1 0 0 0 0 0
 1 1 1]"
18,0.9998992187881692,"[1 1 1 1 1 1 1 1 1 1 1 1 1 1 1 1 0 1 0 1 0 1 1 0 1 1 1 0 1 0 0 0 1 1 0 1 0
 1 0 1]"
18,0.9244712240083001,"[1 1 1 1 1 1 0 1 1 1 1 1 1 1 1 1 0 1 0 1 0 1 1 0 1 1 1 0 1 0 0 0 1 1 0 0 0
 1 0 1]"
18,0.9974759543758153,"[1 1 1 1 1 1 1 1 1 1 1 0 1 1 1 1 0 1 1 1 0 0 0 0 1 0 0 0 1 0 0 1 0 1 1 0 0
 0 0 0]"
18,0.9999336362808886,"[1 1 1 1 1 1 1 1 1 1 1 1 1 1 1 1 1 0 0 1 0 0 0 0 1 0 1 0 1 0 0 0 0 0 1 0 0
 1 0 1]"
step,fitness,genome
19,0.9999541805289333,"[1 1 1 1 1 1 1 1 1 1 1 1 1 1 1 1 1 0 1 1 0 0 1 1 0 0 1 0 0 0 0 0 0 1 0 0 0
 1 1 1]"
19,0.0007108474328248849,"[0 1 1 1 1 0 1 1 1 1 1 1 1 1 1 1 1 0 1 1 0 0 1 1 1 0 1 0 1 0 0 0 0 1 0 0 1
 1 1 1]"
19,0.9999401195547624,"[1 1 1 1 1 1 1 1 1 1 1 1 1 1 1 1 1 0 0 1 1 0 1 1 1 0 0 0 1 0 0 0 1 1 0 1 1
 0 0 1]"
19,0.357847713079506,"[1 1 1 0 0 1 1 0 1 1 1 1 1 1 1 1 1 0 1 1 0 0 1 1 1 0 1 0 1 0 0 1 0 1 0 0 0
 1 1 1]"
19,0.999954499493807,"[1 1 1 1 1 1 1 1 1 1 1 1 1 1 1 1 1 0 1 1 0 0 1 1 1 0 1 0 1 0 0 1 0 1 0 0 0
 1 1 1]"
19,0.9999729737113773,"[1 1 1 1 1 1 1 1 1 1 1 1 1 1 1 1 1 1 0 1 0 0 1 0 1 0 1 0 1 0 0 0 0 0 1 0 0
 1 1 1]"
19,0.990250432640912,"[1 1 1 1 1 1 1 1 1 0 1 1 1 1 1 1 1 1 0 1 0 0 1 0 1 0 1 1 1 0 1 1 0 0 0 0 0
 1 0 1]"
19,0.9895724952221818,"[1 1 1 1 1 1 1 1 1 0 1 1 1 0 1 1 0 1 0 1 0 1 1 0 1 1 1 0 1 0 0 1 1 1 0 0 0
 1 0 1]"
19,0.9999345371365166,"[1 1 1 1 1 1 1 1 1 1 1 1 1 1 1 1 1 0 0 1 0 0 1 0 0 0 1 0 1 0 1 1 0 0 0 1 0
 1 0 1]"
19,0.9999339738833978,"[1 1 1 1 1 1 1 1 1 1 1 1 1 1 1 1 1 0 0 1 0 0 0 1 0 0 1 1 1 0 0 1 0 0 1 0 0
 1 1 1]"
19,0.999938998445252,"[1 1 1 1 1 1 1 1 1 1 1 1 1 1 1 1 1 0 0 1 1 0 0 1 1 0 1 0 0 1 1 1 0 1 0 0 1
 1 1 1]"
19,0.5244483053102448,"[1 1 1 0 1 1 1 1 1 1 1 1 1 1 1 1 1 1 0 1 1 0 1 1 1 0 0 0 0 0 0 0 1 0 0 1 1
 1 0 1]"
19,0.00025687114680181434,"[0 1 1 0 1 1 1 1 1 1 1 1 1 1 1 1 1 0 0 1 0 0 0 1 1 0 1 1 1 0 0 1 0 0 1 0 0
 1 1 1]"
19,0.9975580984823995,"[1 1 1 1 1 1 1 1 1 1 1 0 1 1 1 1 1 1 1 1 1 0 1 0 1 0 1 0 1 0 0 1 0 0 0 0 0
 1 1 1]"
19,0.9999353532147085,"[1 1 1 1 1 1 1 1 1 1 1 1 1 1 1 1 1 0 0 1 0 0 1 1 1 0 0 0 1 0 0 1 1 0 0 1 1
 0 1 1]"
19,0.9999582967853019,"[1 1 1 1 1 1 1 1 1 1 1 1 1 1 1 1 1 0 1 1 1 0 1 0 0 0 0 0 1 0 0 0 0 1 0 0 0
 1 0 0]"
19,0.9998629936982892,"[1 1 1 1 1 1 1 1 1 1 1 1 1 1 1 1 0 0 0 1 1 0 1 0 0 0 1 0 0 0 0 0 1 0 0 1 1
 1 0 0]"
19,0.9974605655587603,"[1 1 1 1 1 1 1 1 1 1 1 0 1 1 1 1 0 1 0 1 0 1 1 0 1 0 1 0 1 0 0 0 1 1 0 1 0
 1 0 1]"
19,0.9998056384841371,"[1 1 1 1 1 1 1 1 1 1 1 1 1 1 1 0 1 0 1 1 1 0 0 1 1 1 1 0 0 0 1 1 0 0 0 0 1
 1 1 1]"
19,0.9950862917696871,"[1 1 1 1 1 1 1 1 1 1 0 1 1 1 1 1 1 0 1 1 1 0 0 1 1 1 1 0 0 0 0 1 0 1 0 0 1
 1 1 1]"
19,0.9999530446447593,"[1 1 1 1 1 1 1 1 1 1 1 1 1 1 1 1 1 0 1 1 0 0 0 1 0 0 1 1 1 0 0 0 0 1 1 0 0
 1 1 0]"
19,0.9999729757304064,"[1 1 1 1 1 1 1 1 1 1 1 1 1 1 1 1 1 1 0 1 0 0 1 0 1 0 1 0 1 0 0 1 0 0 0 0 0
 1 0 1]"
19,0.9999443645279371,"[1 1 1 1 1 1 1 1 1 1 1 1 1 1 1 1 1 0 1 0 0 0 1 0 1 0 1 0 1 0 0 0 0 0 1 0 0
 1 0 1]"
19,0.9987142789698142,"[1 1 1 1 1 1 1 1 1 1 1 1 0 1 1 1 1 0 0 1 0 0 0 1 1 0 1 0 1 0 1 1 0 1 0 0 0
 0 1 1]"
19,0.9245399522822381,"[1 1 1 1 1 1 0 1 1 1 1 1 1 1 1 1 1 1 0 1 0 0 1 0 1 0 1 0 1 0 0 0 0 0 1 0 0
 1 1 1]"
19,0.9999926449770701,"[1 1 1 1 1 1 1 1 1 1 1 1 1 1 1 1 1 1 1 1 0 0 1 1 1 0 1 0 1 0 0 1 0 0 0 0 0
 1 1 1]"
19,0.9999380329336325,"[1 1 1 1 1 1 1 1 1 1 1 1 1 1 1 1 1 0 0 1 1 0 0 0 0 0 0 0 1 0 0 0 1 0 0 1 1
 0 1 0]"
19,0.9245227371761197,"[1 1 1 1 1 1 0 1 1 1 1 1 1 1 1 1 1 0 1 1 0 0 1 1 1 0 1 0 1 0 0 1 0 1 0 0 0
 1 1 1]"
19,0.9986952599957079,"[1 1 1 1 1 1 1 1 1 1 1 1 0 1 1 1 0 1 1 1 0 0 0 1 1 0 1 1 1 0 0 1 0 0 1 0 0
 1 0 0]"
19,0.8374722112350798,"[1 1 1 1 1 0 1 1 0 1 1 1 1 1 1 1 1 1 0 1 1 0 1 0 1 0 1 0 1 1 0 0 0 0 1 0 0
 1 1 1]"
19,0.9999544983297014,"[1 1 1 1 1 1 1 1 1 1 1 1 1 1 1 1 1 0 1 1 0 0 1 1 1 0 1 0 1 0 0 0 1 1 0 0 0
 1 1 1]"
19,0.9604131857410131,"[1 1 1 1 1 1 1 0 1 1 1 1 0 1 1 1 1 1 0 1 0 0 1 0 1 0 1 0 1 1 0 0 0 0 0 1 0
 0 1 1]"
19,0.9805807562116071,"[1 1 1 1 1 1 1 1 0 1 1 1 1 1 1 1 1 0 0 1 1 0 1 1 1 0 1 0 1 0 0 0 0 1 0 0 0
 1 1 1]"
19,0.056311485610088655,"[1 0 1 1 1 1 1 1 1 1 1 1 1 1 1 1 1 1 0 1 0 0 1 0 1 0 1 0 1 0 0 1 0 0 0 0 0
 1 1 1]"
19,0.999941084477055,"[1 1 1 1 1 1 1 1 1 1 1 1 1 1 1 1 1 0 0 1 1 1 0 1 0 0 1 0 0 1 1 1 0 1 0 0 1
 1 0 1]"
19,0.7260794948392499,"[1 1 1 1 0 1 1 1 1 1 1 0 1 1 1 1 0 1 1 1 0 0 0 0 1 0 0 0 0 0 0 1 0 1 1 0 0
 1 0 0]"
19,0.9615776563296556,"[1 1 1 1 1 1 1 0 1 1 1 1 1 1 1 1 1 0 1 1 1 0 1 1 1 0 0 0 1 1 0 1 0 1 0 1 0
 1 1 1]"
19,0.9999383931189787,"[1 1 1 1 1 1 1 1 1 1 1 1 1 1 1 1 1 0 0 1 1 0 0 0 1 0 1 0 0 0 1 1 0 1 0 0 1
 1 1 1]"
19,0.7278340338559128,"[1 1 1 1 0 1 1 1 1 1 1 1 1 1 1 0 1 1 0 0 0 0 1 0 1 0 1 0 1 0 1 0 1 0 0 0 0
 1 1 1]"
19,0.056127064405725645,"[1 0 1 1 1 1 1 1 1 1 1 0 1 1 1 1 1 0 1 1 0 0 1 1 1 0 1 0 1 0 0 1 0 1 0 0 0
 1 1 1]"
19,0.9603942479267298,"[1 1 1 1 1 1 1 0 1 1 1 1 0 1 1 1 1 0 1 1 0 0 0 1 1 0 1 1 1 0 0 1 0 0 1 0 0
 1 1 0]"
19,0.961572468727093,"[1 1 1 1 1 1 1 0 1 1 1 1 1 1 1 1 1 0 1 1 0 0 1 0 1 0 0 0 1 0 0 1 0 1 0 0 1
 1 1 1]"
19,0.9427491947222357,"[1 1 1 1 1 1 1 0 0 1 1 1 1 1 1 0 1 1 0 0 0 1 0 0 1 1 1 0 1 0 1 1 0 0 0 0 0
 1 1 1]"
19,0.2623343646163937,"[1 1 0 1 1 1 1 1 1 1 1 0 1 1 1 1 1 1 0 1 0 0 1 0 1 0 1 0 1 0 0 1 0 0 0 0 0
 1 1 1]"
19,0.9999729758213537,"[1 1 1 1 1 1 1 1 1 1 1 1 1 1 1 1 1 1 0 1 0 0 1 0 1 0 1 0 1 0 0 1 0 0 0 0 1
 1 1 1]"
19,0.3736128423875655,"[1 1 1 0 0 1 1 1 1 1 1 1 1 1 1 1 0 0 1 1 0 0 1 1 1 0 0 0 1 1 0 0 0 1 0 0 0
 0 0 0]"
19,0.7279305151623996,"[1 1 1 1 0 1 1 1 1 1 1 1 1 1 1 1 1 0 0 1 1 0 1 0 0 0 0 1 1 0 0 0 1 1 0 1 1
 0 0 0]"
19,0.9999729737113773,"[1 1 1 1 1 1 1 1 1 1 1 1 1 1 1 1 1 1 0 1 0 0 1 0 1 0 1 0 1 0 0 0 0 0 1 0 0
 1 1 1]"
19,0.9999729757485959,"[1 1 1 1 1 1 1 1 1 1 1 1 1 1 1 1 1 1 0 1 0 0 1 0 1 0 1 0 1 0 0 1 0 0 0 0 0
 1 1 1]"
19,0.9999591933227947,"[1 1 1 1 1 1 1 1 1 1 1 1 1 1 1 1 1 0 1 1 1 0 1 1 1 0 0 0 1 0 0 1 0 1 0 1 0
 1 1 1]"
step,fitness,genome
20,0.9999345374184433,"[1 1 1 1 1 1 1 1 1 1 1 1 1 1 1 1 1 0 0 1 0 0 1 0 0 0 1 0 1 0 1 1 0 0 1 1 0
 1 0 0]"
20,0.0009765097188564455,"[0 1 1 1 1 1 1 1 1 1 1 1 1 1 1 1 1 1 0 1 0 0 1 0 1 0 1 0 1 0 0 1 0 0 0 0 0
 1 0 1]"
20,9.534459268344024e-07,"[0 0 1 1 1 1 1 1 1 1 1 1 1 1 1 1 1 0 0 1 1 0 1 1 1 0 0 0 1 0 1 0 1 1 0 1 1
 0 0 1]"
20,0.9132498436124098,"[1 1 1 1 1 1 0 1 1 0 1 0 1 1 1 1 1 1 1 1 1 0 1 0 1 0 0 0 1 0 0 1 1 0 0 0 0
 1 1 1]"
20,0.9998055639913667,"[1 1 1 1 1 1 1 1 1 1 1 1 1 1 1 0 1 0 1 1 1 0 0 1 1 1 0 0 0 0 1 1 0 0 0 0 1
 1 1 1]"
20,0.9805933839707509,"[1 1 1 1 1 1 1 1 0 1 1 1 1 1 1 1 1 0 1 1 0 0 0 1 0 0 1 1 1 0 0 0 0 1 1 0 0
 1 1 0]"
20,0.9793575383437093,"[1 1 1 1 1 1 1 1 0 1 1 1 0 1 1 1 0 1 1 1 0 0 0 1 1 0 1 1 1 0 0 1 0 0 1 0 0
 1 0 0]"
20,0.999992642648779,"[1 1 1 1 1 1 1 1 1 1 1 1 1 1 1 1 1 1 1 1 0 0 1 1 1 0 1 0 1 0 0 0 0 0 0 0 0
 1 1 1]"
20,0.9999950291132572,"[1 1 1 1 1 1 1 1 1 1 1 1 1 1 1 1 1 1 1 1 0 1 1 1 1 0 1 0 1 0 0 1 0 0 0 0 0
 0 1 1]"
20,0.5244293512945442,"[1 1 1 0 1 1 1 1 1 1 1 1 1 1 1 1 1 0 1 0 0 0 1 0 1 0 1 0 1 0 0 0 0 0 1 0 1
 1 0 1]"
20,0.9999729737113773,"[1 1 1 1 1 1 1 1 1 1 1 1 1 1 1 1 1 1 0 1 0 0 1 0 1 0 1 0 1 0 0 0 0 0 1 0 0
 1 1 1]"
20,0.0009669534984494799,"[0 1 1 1 1 1 1 1 1 1 0 1 1 1 1 1 1 0 0 1 1 1 0 1 0 0 1 0 0 1 1 1 0 1 0 0 1
 1 0 1]"
20,0.8127340579462211,"[1 1 1 1 1 0 1 0 1 0 1 1 1 1 1 1 0 0 0 1 1 0 0 0 0 0 0 0 1 0 0 0 1 0 0 1 1
 0 1 0]"
20,0.9999724172507188,"[1 1 1 1 1 1 1 1 1 1 1 1 1 1 1 1 1 1 0 1 0 0 0 1 1 0 1 1 1 0 0 1 0 0 1 0 0
 1 1 0]"
20,0.999941084477055,"[1 1 1 1 1 1 1 1 1 1 1 1 1 1 1 1 1 0 0 1 1 1 0 1 0 0 1 0 0 1 1 1 0 1 0 0 1
 1 0 1]"
20,0.9999878766472841,"[1 1 1 1 1 1 1 1 1 1 1 1 1 1 1 1 1 1 1 0 1 0 1 1 1 0 1 0 1 0 0 1 0 0 0 0 0
 1 1 1]"
20,0.9987529772661098,"[1 1 1 1 1 1 1 1 1 1 1 1 0 1 1 1 1 1 0 1 0 0 1 0 1 0 1 0 1 0 1 1 0 0 0 0 0
 1 0 1]"
20,0.7132002155237164,"[1 1 1 1 0 1 1 1 0 1 1 1 1 1 0 1 1 1 1 1 0 0 0 1 1 0 1 1 1 0 0 0 0 0 1 0 0
 1 1 0]"
20,0.5244350203743966,"[1 1 1 0 1 1 1 1 1 1 1 1 1 1 1 1 1 0 1 1 0 0 1 1 1 0 1 0 1 0 0 0 1 1 0 0 1
 1 1 1]"
20,0.9710466269294622,"[1 1 1 1 1 1 1 1 0 0 1 1 1 1 1 1 1 0 1 1 1 0 1 1 1 0 0 0 1 1 0 1 0 1 0 1 1
 1 1 1]"
20,0.9998629937164769,"[1 1 1 1 1 1 1 1 1 1 1 1 1 1 1 1 0 0 0 1 1 0 1 0 0 0 1 0 0 0 0 0 1 0 0 1 1
 1 1 0]"
20,0.9999351703987358,"[1 1 1 1 1 1 1 1 1 1 1 1 1 1 1 1 1 0 0 1 0 0 1 1 0 0 1 1 1 0 1 1 0 0 0 1 0
 1 0 1]"
20,0.05631148561555161,"[1 0 1 1 1 1 1 1 1 1 1 1 1 1 1 1 1 1 0 1 0 0 1 0 1 0 1 0 1 0 0 1 0 0 0 0 1
 1 1 1]"
20,0.9950572197037769,"[1 1 1 1 1 1 1 1 1 1 0 1 1 1 1 1 1 0 0 0 1 0 0 0 1 1 1 0 0 0 1 1 0 1 0 0 1
 1 1 1]"
20,0.9999729758213537,"[1 1 1 1 1 1 1 1 1 1 1 1 1 1 1 1 1 1 0 1 0 0 1 0 1 0 1 0 1 0 0 1 0 0 0 0 1
 1 1 1]"
20,0.9999443645279371,"[1 1 1 1 1 1 1 1 1 1 1 1 1 1 1 1 1 0 1 0 0 0 1 0 1 0 1 0 1 0 0 0 0 0 1 0 0
 1 0 1]"
20,0.9999591945050944,"[1 1 1 1 1 1 1 1 1 1 1 1 1 1 1 1 1 0 1 1 1 0 1 1 1 0 0 0 1 0 0 1 1 1 0 1 1
 0 0 1]"
20,0.7279558510242412,"[1 1 1 1 0 1 1 1 1 1 1 1 1 1 1 1 1 1 0 1 0 0 1 0 1 0 1 0 1 0 1 0 0 0 1 0 0
 1 1 1]"
20,0.9245132929604388,"[1 1 1 1 1 1 0 1 1 1 1 1 1 1 1 1 1 0 1 0 0 0 1 0 1 0 1 0 1 0 0 0 0 0 1 0 0
 1 0 1]"
20,0.9999591936138224,"[1 1 1 1 1 1 1 1 1 1 1 1 1 1 1 1 1 0 1 1 1 0 1 1 1 0 0 0 1 0 0 1 0 1 1 1 0
 1 1 1]"
20,0.9950725109216024,"[1 1 1 1 1 1 1 1 1 1 0 1 1 1 1 1 1 0 1 0 0 0 1 0 1 0 1 0 1 0 0 0 0 0 1 0 0
 1 0 1]"
20,0.9999544808681184,"[1 1 1 1 1 1 1 1 1 1 1 1 1 1 1 1 1 0 1 1 0 0 1 1 1 0 1 0 0 0 0 1 0 1 0 0 0
 1 1 1]"
20,0.9999729803869061,"[1 1 1 1 1 1 1 1 1 1 1 1 1 1 1 1 1 1 0 1 0 0 1 0 1 0 1 0 1 0 1 1 0 0 0 0 0
 1 0 1]"
20,0.9999926449770701,"[1 1 1 1 1 1 1 1 1 1 1 1 1 1 1 1 1 1 1 1 0 0 1 1 1 0 1 0 1 0 0 1 0 0 0 0 0
 1 1 1]"
20,0.999972975712217,"[1 1 1 1 1 1 1 1 1 1 1 1 1 1 1 1 1 1 0 1 0 0 1 0 1 0 1 0 1 0 0 1 0 0 0 0 0
 0 1 1]"
20,0.9999429030168124,"[1 1 1 1 1 1 1 1 1 1 1 1 1 1 1 1 1 0 1 0 0 0 0 0 0 0 1 1 0 1 0 0 0 1 1 0 0
 1 1 0]"
20,0.999934536991006,"[1 1 1 1 1 1 1 1 1 1 1 1 1 1 1 1 1 0 0 1 0 0 1 0 0 0 1 0 1 0 1 1 0 0 0 0 0
 1 0 1]"
20,0.9998251744583493,"[1 1 1 1 1 1 1 1 1 1 1 1 1 1 1 0 1 1 0 1 1 0 1 0 1 0 1 0 1 0 1 1 0 0 0 1 0
 1 1 1]"
20,0.9902309322166037,"[1 1 1 1 1 1 1 1 1 0 1 1 1 1 1 1 1 0 1 1 0 0 0 1 1 0 1 1 1 0 0 1 0 1 1 0 0
 1 1 0]"
20,0.9997438250789072,"[1 1 1 1 1 1 1 1 1 1 1 1 1 1 1 0 0 1 0 1 0 0 1 0 0 0 1 0 1 0 0 1 0 0 0 0 0
 1 0 1]"
20,0.9233856104492397,"[1 1 1 1 1 1 0 1 1 1 1 1 0 1 1 1 1 0 1 1 0 0 1 1 0 0 1 0 0 0 0 0 0 1 0 0 0
 1 1 1]"
20,0.6713252899462447,"[1 1 1 1 0 1 0 1 1 1 1 1 1 1 1 1 1 0 1 1 1 0 1 1 1 0 1 0 1 0 0 0 1 1 0 0 0
 1 1 1]"
20,0.7279408725343098,"[1 1 1 1 0 1 1 1 1 1 1 1 1 1 1 1 1 0 1 1 0 0 0 1 0 0 1 1 1 0 0 0 1 1 1 0 0
 1 1 0]"
20,0.0008657476832447197,"[0 1 1 1 1 1 1 0 0 1 1 1 0 1 1 1 1 0 1 1 0 0 0 1 0 0 1 1 1 1 0 1 0 1 1 0 0
 1 1 0]"
20,0.9999383931189787,"[1 1 1 1 1 1 1 1 1 1 1 1 1 1 1 1 1 0 0 1 1 0 0 0 1 0 1 0 0 0 1 1 0 1 0 0 1
 1 1 1]"
20,0.9999591933227947,"[1 1 1 1 1 1 1 1 1 1 1 1 1 1 1 1 1 0 1 1 1 0 1 1 1 0 0 0 1 0 0 1 0 1 0 1 0
 1 1 1]"
20,0.9999777440144338,"[1 1 1 1 1 1 1 1 1 1 1 1 1 1 1 1 1 1 0 1 1 0 1 0 1 0 1 0 1 0 0 1 0 0 0 0 0
 1 1 1]"
20,0.999344022031381,"[1 1 1 1 1 1 1 1 1 1 1 1 1 0 1 1 1 0 1 1 0 0 1 1 0 0 1 0 0 0 0 0 0 1 1 0 0
 1 1 1]"
20,0.924539954248409,"[1 1 1 1 1 1 0 1 1 1 1 1 1 1 1 1 1 1 0 1 0 0 1 0 1 0 1 0 1 0 0 1 0 0 0 0 1
 1 1 1]"
20,0.9999731294130938,"[1 1 1 1 1 1 1 1 1 1 1 1 1 1 1 1 1 1 0 1 0 0 1 0 1 1 1 0 1 0 1 1 0 0 0 0 0
 1 1 1]"
step,fitness,genome
21,0.0009765190317046583,"[0 1 1 1 1 1 1 1 1 1 1 1 1 1 1 1 1 1 0 1 1 0 1 0 1 0 1 0 1 0 0 1 0 0 0 0 0
 1 1 1]"
21,0.9999369221938786,"[1 1 1 1 1 1 1 1 1 1 1 1 1 1 1 1 1 0 0 1 0 1 1 0 0 0 1 0 1 0 1 1 1 0 0 0 0
 1 0 0]"
21,0.727039083368443,"[1 1 1 1 0 1 1 1 1 1 1 1 0 1 1 1 1 1 0 1 0 0 1 0 1 0 1 0 1 0 0 1 0 0 0 0 0
 1 0 1]"
21,0.05630150642161343,"[1 0 1 1 1 1 1 1 1 1 1 1 1 1 1 0 1 1 1 1 0 0 1 1 1 0 1 0 1 0 0 0 0 0 0 0 0
 1 1 1]"
21,0.7261233588953189,"[1 1 1 1 0 1 1 1 1 1 1 0 1 1 1 1 1 1 0 1 0 0 1 0 1 0 1 0 1 0 1 0 0 0 1 0 0
 1 1 1]"
21,0.9975527458681772,"[1 1 1 1 1 1 1 1 1 1 1 0 1 1 1 1 1 1 1 1 0 0 0 1 1 0 1 0 1 0 0 1 0 0 0 0 0
 1 1 1]"
21,0.9999776695101228,"[1 1 1 1 1 1 1 1 1 1 1 1 1 1 1 1 1 1 0 1 1 0 1 0 1 0 0 0 1 0 0 1 0 0 0 0 0
 1 1 1]"
21,0.9999591933227947,"[1 1 1 1 1 1 1 1 1 1 1 1 1 1 1 1 1 0 1 1 1 0 1 1 1 0 0 0 1 0 0 1 0 1 0 1 0
 1 1 1]"
21,0.9999951781242125,"[1 1 1 1 1 1 1 1 1 1 1 1 1 1 1 1 1 1 1 1 0 1 1 1 1 1 1 0 1 0 0 1 0 0 0 0 0
 0 1 1]"
21,0.9999731294130938,"[1 1 1 1 1 1 1 1 1 1 1 1 1 1 1 1 1 1 0 1 0 0 1 0 1 1 1 0 1 0 1 1 0 0 0 0 0
 1 1 1]"
21,0.9998397705931085,"[1 1 1 1 1 1 1 1 1 1 1 1 1 1 1 0 1 1 1 1 0 0 1 1 0 0 1 0 1 0 0 1 0 0 0 0 0
 1 1 1]"
21,0.26301727914275724,"[1 1 0 1 1 1 1 1 1 1 1 1 1 1 1 0 1 0 1 1 1 0 1 0 1 0 1 0 1 0 0 1 0 0 0 0 0
 1 1 1]"
21,0.9999544808681184,"[1 1 1 1 1 1 1 1 1 1 1 1 1 1 1 1 1 0 1 1 0 0 1 1 1 0 1 0 0 0 0 1 0 1 0 0 0
 1 1 1]"
21,0.9999914528927051,"[1 1 1 1 1 1 1 1 1 1 1 1 1 1 1 1 1 1 1 1 0 0 0 1 1 0 1 0 1 0 0 1 0 0 0 0 0
 1 1 1]"
21,0.9999410844679606,"[1 1 1 1 1 1 1 1 1 1 1 1 1 1 1 1 1 0 0 1 1 1 0 1 0 0 1 0 0 1 1 1 0 1 0 0 1
 1 0 0]"
21,0.9429016806160345,"[1 1 1 1 1 1 1 0 0 1 1 1 1 1 1 1 1 1 0 1 0 0 1 0 1 0 1 0 1 0 1 1 0 0 0 0 0
 1 0 1]"
21,0.720632565847661,"[1 1 1 1 0 1 1 1 1 0 1 1 1 1 1 1 1 0 1 0 1 0 0 1 1 0 1 0 1 0 0 1 0 0 0 0 0
 1 1 1]"
21,0.9999920488983481,"[1 1 1 1 1 1 1 1 1 1 1 1 1 1 1 1 1 1 1 1 0 0 1 0 1 0 1 0 1 0 0 1 0 0 0 0 0
 0 1 1]"
21,0.999975359842578,"[1 1 1 1 1 1 1 1 1 1 1 1 1 1 1 1 1 1 0 1 0 1 1 0 1 0 1 0 1 0 0 1 0 0 0 0 0
 0 1 1]"
21,0.9998055593355687,"[1 1 1 1 1 1 1 1 1 1 1 1 1 1 1 0 1 0 1 1 1 0 0 1 1 1 0 0 0 0 0 1 0 0 0 0 1
 1 1 1]"
21,0.9999731294130938,"[1 1 1 1 1 1 1 1 1 1 1 1 1 1 1 1 1 1 0 1 0 0 1 0 1 1 1 0 1 0 1 1 0 0 0 0 0
 1 1 1]"
21,0.9999732717273921,"[1 1 1 1 1 1 1 1 1 1 1 1 1 1 1 1 1 1 0 1 0 0 1 1 0 0 1 0 1 0 0 0 0 0 1 0 0
 1 1 1]"
21,0.2630676303266805,"[1 1 0 1 1 1 1 1 1 1 1 1 1 1 1 1 1 1 0 1 0 0 1 1 1 0 1 0 1 0 0 1 0 0 0 0 0
 1 1 1]"
21,0.9999591933227947,"[1 1 1 1 1 1 1 1 1 1 1 1 1 1 1 1 1 0 1 1 1 0 1 1 1 0 0 0 1 0 0 1 0 1 0 1 0
 1 1 1]"
21,0.9996680029172854,"[1 1 1 1 1 1 1 1 1 1 1 1 1 1 0 1 1 1 0 1 0 0 1 0 1 1 1 0 1 0 1 1 0 0 0 0 0
 1 1 1]"
21,3.592769099907093e-05,"[0 1 0 1 1 0 1 1 1 1 1 1 1 1 1 1 1 0 1 1 1 0 1 1 1 0 0 0 1 0 0 1 1 1 0 1 1
 0 0 1]"
21,0.5244454403907453,"[1 1 1 0 1 1 1 1 1 1 1 1 1 1 1 1 1 1 0 1 0 0 1 0 1 1 1 0 1 0 0 1 0 0 0 0 0
 1 1 1]"
21,0.8542669101571695,"[1 1 1 1 1 0 1 1 1 1 1 1 1 1 1 1 1 1 0 1 0 0 0 1 1 0 1 1 1 0 0 0 0 0 1 1 0
 1 1 0]"
21,0.9805836840065526,"[1 1 1 1 1 1 1 1 0 1 1 1 1 1 1 1 1 0 1 0 0 0 0 0 1 0 1 0 1 0 0 0 0 0 1 0 0
 1 0 1]"
21,0.9999729758213537,"[1 1 1 1 1 1 1 1 1 1 1 1 1 1 1 1 1 1 0 1 0 0 1 0 1 0 1 0 1 0 0 1 0 0 0 0 1
 1 1 1]"
21,0.9999345374184433,"[1 1 1 1 1 1 1 1 1 1 1 1 1 1 1 1 1 0 0 1 0 0 1 0 0 0 1 0 1 0 1 1 0 0 1 1 0
 1 0 0]"
21,0.9901984099631121,"[1 1 1 1 1 1 1 1 1 0 1 1 1 1 1 1 0 1 1 1 1 0 1 0 1 0 1 0 1 1 0 1 0 0 0 0 0
 1 1 1]"
21,0.9999728875479484,"[1 1 1 1 1 1 1 1 1 1 1 1 1 1 1 1 1 1 0 1 0 0 1 0 1 0 0 0 0 0 1 1 0 0 1 0 0
 1 0 1]"
21,0.999934536991006,"[1 1 1 1 1 1 1 1 1 1 1 1 1 1 1 1 1 0 0 1 0 0 1 0 0 0 1 0 1 0 1 1 0 0 0 0 0
 1 0 1]"
21,0.9805853807132815,"[1 1 1 1 1 1 1 1 0 1 1 1 1 1 1 1 1 0 1 0 0 0 1 1 1 0 0 0 1 1 0 1 1 1 0 1 1
 0 0 1]"
21,0.0562646024004585,"[1 0 1 1 1 1 1 1 1 1 1 1 1 0 1 1 1 0 1 1 1 0 1 0 1 0 1 0 1 0 0 0 0 0 1 0 0
 1 0 1]"
21,0.9902651615612684,"[1 1 1 1 1 1 1 1 1 0 1 1 1 1 1 1 1 1 1 0 1 0 1 1 1 0 1 0 1 0 0 1 0 0 0 0 0
 1 1 1]"
21,0.7132002155773923,"[1 1 1 1 0 1 1 1 0 1 1 1 1 1 0 1 1 1 1 1 0 0 0 1 1 0 1 1 1 0 0 0 0 0 1 0 1
 1 1 0]"
21,0.9999729758213537,"[1 1 1 1 1 1 1 1 1 1 1 1 1 1 1 1 1 1 0 1 0 0 1 0 1 0 1 0 1 0 0 1 0 0 0 0 1
 1 1 1]"
21,0.5030088851967265,"[1 1 1 0 1 1 1 0 1 1 1 1 1 1 1 1 1 1 1 1 0 0 1 0 1 0 1 0 1 0 0 0 0 0 0 0 0
 1 1 1]"
21,0.8539697928823972,"[1 1 1 1 1 0 1 1 1 1 1 1 1 1 0 1 1 0 0 1 0 0 1 1 0 0 1 1 1 0 1 1 0 0 0 1 0
 1 0 1]"
21,0.9999777441508553,"[1 1 1 1 1 1 1 1 1 1 1 1 1 1 1 1 1 1 0 1 1 0 1 0 1 0 1 0 1 0 0 1 0 0 0 1 0
 1 1 0]"
21,0.9999735624313234,"[1 1 1 1 1 1 1 1 1 1 1 1 1 1 1 1 1 1 0 1 0 0 1 1 1 0 1 0 0 1 0 1 0 0 0 0 0
 0 1 1]"
21,0.8541719652525896,"[1 1 1 1 1 0 1 1 1 1 1 1 1 1 1 1 0 0 0 1 1 0 1 0 0 0 1 0 1 0 0 0 1 0 1 1 1
 1 1 0]"
21,0.999344022031381,"[1 1 1 1 1 1 1 1 1 1 1 1 1 0 1 1 1 0 1 1 0 0 1 1 0 0 1 0 0 0 0 0 0 1 1 0 0
 1 1 1]"
21,0.9999351715628211,"[1 1 1 1 1 1 1 1 1 1 1 1 1 1 1 1 1 0 0 1 0 0 1 1 0 0 1 1 1 0 1 1 1 0 0 1 0
 1 0 1]"
21,0.9806117968180295,"[1 1 1 1 1 1 1 1 0 1 1 1 1 1 1 1 1 1 0 1 0 0 0 0 1 0 1 0 1 0 0 1 0 1 0 0 1
 1 1 1]"
21,0.9992680735747543,"[1 1 1 1 1 1 1 1 1 1 1 1 1 0 1 1 0 0 1 1 0 0 1 1 1 0 1 0 0 0 0 0 0 1 1 0 0
 1 1 1]"
21,0.9999494327359729,"[1 1 1 1 1 1 1 1 1 1 1 1 1 1 1 1 1 0 1 0 1 0 1 1 0 0 1 0 1 0 0 1 0 0 0 0 0
 1 1 1]"
21,0.9999256352715014,"[1 1 1 1 1 1 1 1 1 1 1 1 1 1 1 1 1 0 0 0 0 0 1 1 0 0 1 1 1 0 1 1 1 0 0 0 0
 1 0 1]"
step,fitness,genome
22,0.9999496616272056,"[1 1 1 1 1 1 1 1 1 1 1 1 1 1 1 1 1 0 1 0 1 0 1 1 1 0 0 0 1 0 1 1 0 1 0 1 0
 1 1 1]"
22,0.9234052402112373,"[1 1 1 1 1 1 0 1 1 1 1 1 0 1 1 1 1 1 0 1 0 1 1 0 1 0 0 0 0 0 1 0 0 0 1 0 0
 1 0 1]"
22,0.9950627245957002,"[1 1 1 1 1 1 1 1 1 1 0 1 1 1 1 1 1 0 0 1 0 0 1 0 0 0 1 0 1 0 1 0 0 0 1 1 0
 1 0 0]"
22,0.9999410824308005,"[1 1 1 1 1 1 1 1 1 1 1 1 1 1 1 1 1 0 0 1 1 1 0 1 0 0 1 0 0 1 1 0 0 1 1 0 1
 1 0 0]"
22,0.9951194020304279,"[1 1 1 1 1 1 1 1 1 1 0 1 1 1 1 1 1 1 1 1 0 0 0 1 1 0 1 0 1 1 0 1 0 0 0 0 0
 1 1 1]"
22,0.9999926426123995,"[1 1 1 1 1 1 1 1 1 1 1 1 1 1 1 1 1 1 1 1 0 0 1 1 1 0 1 0 1 0 0 0 0 0 0 0 0
 0 1 1]"
22,0.995101291334775,"[1 1 1 1 1 1 1 1 1 1 0 1 1 1 1 1 1 1 0 1 0 0 1 1 0 0 1 0 1 0 0 0 0 0 1 0 0
 1 1 1]"
22,0.524455735268386,"[1 1 1 0 1 1 1 1 1 1 1 1 1 1 1 1 1 1 1 1 0 0 0 1 1 1 0 0 1 0 0 1 0 0 0 0 0
 1 1 1]"
22,0.9999591723688066,"[1 1 1 1 1 1 1 1 1 1 1 1 1 1 1 1 1 0 1 1 1 0 1 1 1 0 0 0 0 0 0 0 0 1 0 1 0
 1 1 1]"
22,0.9806358075008442,"[1 1 1 1 1 1 1 1 0 1 1 1 1 1 1 1 1 1 1 1 1 0 0 1 1 0 1 0 1 0 0 1 0 0 0 0 0
 1 1 1]"
22,0.987833588565658,"[1 1 1 1 1 1 1 1 1 0 1 0 1 1 1 1 1 1 0 1 0 0 1 1 1 0 0 0 0 1 1 1 0 0 0 0 0
 1 0 1]"
22,0.9245044129165275,"[1 1 1 1 1 1 0 1 1 1 1 1 1 1 1 1 1 0 0 1 0 0 1 0 1 0 1 0 1 0 1 1 0 0 0 0 0
 1 0 1]"
22,0.999991434266397,"[1 1 1 1 1 1 1 1 1 1 1 1 1 1 1 1 1 1 1 1 0 0 0 1 1 0 1 0 0 0 0 1 0 0 0 0 0
 1 1 1]"
22,0.9999348354241486,"[1 1 1 1 1 1 1 1 1 1 1 1 1 1 1 1 1 0 0 1 0 0 1 0 1 0 1 0 1 0 1 1 0 0 1 1 0
 1 0 0]"
22,0.05631297653049051,"[1 0 1 1 1 1 1 1 1 1 1 1 1 1 1 1 1 1 1 1 0 0 1 1 1 1 1 1 1 0 0 1 1 0 0 0 0
 0 1 1]"
22,0.9999735718534644,"[1 1 1 1 1 1 1 1 1 1 1 1 1 1 1 1 1 1 0 1 0 0 1 1 1 0 1 0 1 0 0 1 0 0 0 0 1
 1 1 1]"
22,0.9993440266852446,"[1 1 1 1 1 1 1 1 1 1 1 1 1 0 1 1 1 0 1 1 0 0 1 1 0 0 1 0 0 0 1 0 0 1 1 0 0
 1 1 1]"
22,0.9999729663992177,"[1 1 1 1 1 1 1 1 1 1 1 1 1 1 1 1 1 1 0 1 0 0 1 0 1 0 1 0 0 1 0 1 0 0 0 0 0
 0 1 1]"
22,0.9951241401894804,"[1 1 1 1 1 1 1 1 1 1 0 1 1 1 1 1 1 1 1 1 1 0 0 1 1 0 1 0 1 0 0 1 0 0 0 0 0
 1 1 1]"
22,0.9987767182140815,"[1 1 1 1 1 1 1 1 1 1 1 1 0 1 1 1 1 1 1 1 1 0 1 0 1 0 0 0 1 0 1 1 0 0 0 0 0
 1 1 1]"
22,0.9998055593355687,"[1 1 1 1 1 1 1 1 1 1 1 1 1 1 1 0 1 0 1 1 1 0 0 1 1 1 0 0 0 0 0 1 0 0 0 0 1
 1 1 1]"
22,0.04501193349462992,"[1 0 1 1 1 0 1 1 1 0 1 1 1 1 1 1 0 0 1 1 0 0 1 1 1 0 1 0 0 0 0 1 0 0 0 1 0
 1 1 1]"
22,0.9996677049831515,"[1 1 1 1 1 1 1 1 1 1 1 1 1 1 0 1 1 1 0 1 0 0 1 0 0 1 1 0 1 0 1 1 0 0 0 0 0
 1 1 1]"
22,0.05630575754839413,"[1 0 1 1 1 1 1 1 1 1 1 1 1 1 1 1 0 1 0 1 0 0 1 0 1 0 1 0 1 0 0 1 0 0 0 0 0
 0 1 1]"
22,0.9975366001733766,"[1 1 1 1 1 1 1 1 1 1 1 0 1 1 1 1 1 1 0 1 0 1 1 0 1 0 0 0 0 0 1 1 0 0 1 0 0
 1 0 1]"
22,0.9999716908282867,"[1 1 1 1 1 1 1 1 1 1 1 1 1 1 1 1 1 1 0 1 0 0 0 0 1 0 0 0 0 0 0 1 0 0 1 0 0
 1 0 1]"
22,0.999975359842578,"[1 1 1 1 1 1 1 1 1 1 1 1 1 1 1 1 1 1 0 1 0 1 1 0 1 0 1 0 1 0 0 1 0 0 0 0 0
 0 1 1]"
22,0.99025042811533,"[1 1 1 1 1 1 1 1 1 0 1 1 1 1 1 1 1 1 0 1 0 0 1 0 1 0 1 1 1 0 0 1 0 0 0 0 1
 1 1 1]"
22,0.9999533447017059,"[1 1 1 1 1 1 1 1 1 1 1 1 1 1 1 1 1 0 1 1 0 0 0 1 1 0 1 1 1 0 0 1 0 1 0 0 0
 1 1 1]"
22,0.9975580984460997,"[1 1 1 1 1 1 1 1 1 1 1 0 1 1 1 1 1 1 1 1 1 0 1 0 1 0 1 0 1 0 0 1 0 0 0 0 0
 0 1 1]"
22,0.999973563595449,"[1 1 1 1 1 1 1 1 1 1 1 1 1 1 1 1 1 1 0 1 0 0 1 1 1 0 1 0 0 1 0 1 1 0 0 0 0
 0 1 1]"
22,0.7274972700090608,"[1 1 1 1 0 1 1 1 1 1 1 1 1 0 1 1 1 1 0 1 0 0 1 0 1 0 0 0 0 0 1 1 0 0 1 0 0
 1 0 1]"
22,0.9999920488892533,"[1 1 1 1 1 1 1 1 1 1 1 1 1 1 1 1 1 1 1 1 0 0 1 0 1 0 1 0 1 0 0 1 0 0 0 0 0
 0 1 0]"
22,0.6990953368068262,"[1 1 1 1 0 1 1 0 1 1 1 1 1 1 1 1 1 0 0 0 0 0 1 1 0 0 1 1 1 0 1 1 1 0 0 0 0
 1 0 1]"
22,0.9890097873166922,"[1 1 1 1 1 1 1 1 1 0 1 1 0 1 1 1 1 0 0 1 1 1 0 1 1 0 1 0 0 1 1 1 0 1 0 0 1
 1 0 0]"
22,0.9999777814030127,"[1 1 1 1 1 1 1 1 1 1 1 1 1 1 1 1 1 1 0 1 1 0 1 0 1 0 1 1 1 0 0 1 0 0 0 1 0
 1 1 0]"
22,0.9782159615239759,"[1 1 1 1 1 1 1 1 0 1 1 0 1 1 1 1 1 1 0 1 0 0 0 1 0 0 1 0 1 0 0 0 0 0 1 0 0
 1 1 0]"
22,0.5190002674148315,"[1 1 1 0 1 1 1 1 1 0 1 1 1 1 1 1 1 0 1 1 1 0 1 1 1 0 0 0 1 0 0 1 0 1 0 1 0
 1 1 1]"
22,0.9999731294130938,"[1 1 1 1 1 1 1 1 1 1 1 1 1 1 1 1 1 1 0 1 0 0 1 0 1 1 1 0 1 0 1 1 0 0 0 0 0
 1 1 1]"
22,0.9999731294039991,"[1 1 1 1 1 1 1 1 1 1 1 1 1 1 1 1 1 1 0 1 0 0 1 0 1 1 1 0 1 0 1 1 0 0 0 0 0
 1 1 0]"
22,0.7206618456805983,"[1 1 1 1 0 1 1 1 1 0 1 1 1 1 1 1 1 1 1 0 1 0 1 1 1 0 1 0 0 0 0 1 0 0 0 0 0
 1 0 1]"
22,0.02325041281130616,"[1 0 1 0 1 1 1 1 1 0 1 1 1 1 1 0 1 0 1 1 1 0 0 1 1 1 0 0 0 0 0 1 0 0 0 0 1
 1 1 1]"
22,0.8532292943744665,"[1 1 1 1 1 0 1 1 1 1 1 1 0 1 1 1 1 1 1 1 1 0 1 0 1 0 1 0 1 0 0 1 1 0 0 1 0
 1 1 0]"
22,0.056308110119401046,"[1 0 1 1 1 1 1 1 1 1 1 1 1 1 1 1 1 0 0 0 0 1 1 1 0 0 1 1 1 0 1 1 1 0 0 0 0
 1 0 1]"
22,0.8542715350055375,"[1 1 1 1 1 0 1 1 1 1 1 1 1 1 1 1 1 1 0 1 1 0 1 0 1 0 1 0 1 0 0 1 0 0 0 1 0
 1 1 0]"
22,0.9999735670878255,"[1 1 1 1 1 1 1 1 1 1 1 1 1 1 1 1 1 1 0 1 0 0 1 1 1 0 1 0 0 1 1 1 0 0 0 0 0
 0 1 1]"
22,0.999977893450525,"[1 1 1 1 1 1 1 1 1 1 1 1 1 1 1 1 1 1 0 1 1 0 1 0 1 1 1 0 1 0 0 1 0 0 1 1 0
 1 1 0]"
22,0.9996681451925006,"[1 1 1 1 1 1 1 1 1 1 1 1 1 1 0 1 1 1 0 1 0 0 1 1 0 0 1 0 1 0 0 0 0 0 1 0 0
 1 1 1]"
22,0.9999764774418247,"[1 1 1 1 1 1 1 1 1 1 1 1 1 1 1 1 1 1 0 1 1 0 0 0 1 0 0 0 1 0 0 1 0 0 0 0 0
 1 1 1]"
22,0.9993849968205825,"[1 1 1 1 1 1 1 1 1 1 1 1 1 0 1 1 1 1 1 1 0 1 1 1 1 1 1 0 1 0 0 1 0 0 0 0 0
 0 1 1]"
step,fitness,genome
23,0.9999764774418247,"[1 1 1 1 1 1 1 1 1 1 1 1 1 1 1 1 1 1 0 1 1 0 0 0 1 0 0 0 1 0 0 1 0 0 0 0 0
 1 1 1]"
23,0.13797140587600687,"[1 1 0 1 0 0 0 1 1 1 1 1 1 1 1 1 1 1 1 1 0 0 1 0 1 0 1 0 1 1 0 1 0 0 0 0 0
 0 1 0]"
23,0.7277267825057874,"[1 1 1 1 0 1 1 1 1 1 1 1 1 1 0 1 1 1 0 1 0 0 1 1 0 0 1 0 1 0 0 0 0 0 1 0 0
 1 1 1]"
23,0.05486108924266918,"[1 0 1 1 1 1 1 1 0 1 1 1 1 1 1 1 1 0 1 1 1 0 1 1 1 0 0 0 0 0 0 0 0 1 0 1 0
 1 1 1]"
23,0.9999774941539874,"[1 1 1 1 1 1 1 1 1 1 1 1 1 1 1 1 1 1 0 1 1 0 1 0 0 0 1 1 1 1 0 1 1 0 1 1 0
 1 1 0]"
23,0.9020451246004587,"[1 1 1 1 1 1 0 1 0 1 0 1 1 1 1 1 1 1 0 1 1 0 1 0 1 1 1 0 1 0 0 1 0 0 1 1 0
 1 1 0]"
23,0.9999716908282867,"[1 1 1 1 1 1 1 1 1 1 1 1 1 1 1 1 1 1 0 1 0 0 0 0 1 0 0 0 0 0 0 1 0 0 1 0 0
 1 0 1]"
23,0.9999922025927686,"[1 1 1 1 1 1 1 1 1 1 1 1 1 1 1 1 1 1 1 1 0 0 1 0 1 1 1 0 1 0 1 1 0 0 0 0 0
 1 1 0]"
23,0.9245574475219468,"[1 1 1 1 1 1 0 1 1 1 1 1 1 1 1 1 1 1 1 1 0 0 1 0 0 0 1 0 1 0 0 0 0 0 0 0 0
 0 1 1]"
23,0.9999719378953499,"[1 1 1 1 1 1 1 1 1 1 1 1 1 1 1 1 1 1 0 1 0 0 0 0 1 1 1 0 1 0 1 1 0 1 0 0 0
 0 1 1]"
23,0.999949661618111,"[1 1 1 1 1 1 1 1 1 1 1 1 1 1 1 1 1 0 1 0 1 0 1 1 1 0 0 0 1 0 1 1 0 1 0 1 0
 1 1 0]"
23,0.9901795328052384,"[1 1 1 1 1 1 1 1 1 0 1 1 1 1 1 1 0 1 0 1 1 0 1 0 1 0 1 1 1 0 0 1 0 0 0 1 0
 1 1 0]"
23,0.999937219472669,"[1 1 1 1 1 1 1 1 1 1 1 1 1 1 1 1 1 0 0 1 0 1 1 0 1 0 1 0 1 0 1 1 0 0 1 1 0
 1 0 0]"
23,0.9999403485623043,"[1 1 1 1 1 1 1 1 1 1 1 1 1 1 1 1 1 0 0 1 1 0 1 1 1 1 1 0 1 0 1 1 0 0 1 1 0
 1 1 0]"
23,0.0009765283445084639,"[0 1 1 1 1 1 1 1 1 1 1 1 1 1 1 1 1 1 1 0 0 0 1 0 1 0 1 0 1 0 0 1 0 0 0 0 0
 0 1 0]"
23,0.2629757979462714,"[1 1 0 1 1 1 1 1 1 1 1 1 1 1 0 1 1 1 0 1 0 0 1 1 0 0 1 0 0 0 0 0 0 0 1 0 0
 0 1 1]"
23,0.1826029775429443,"[1 1 0 1 0 1 1 1 1 1 1 1 0 1 1 1 1 1 1 1 1 0 1 0 1 0 1 0 1 0 0 1 0 0 0 0 0
 0 1 1]"
23,0.9999723610908167,"[1 1 1 1 1 1 1 1 1 1 1 1 1 1 1 1 1 1 0 1 0 0 0 1 1 0 1 0 0 0 0 1 0 0 0 0 0
 1 1 1]"
23,0.9999920488892533,"[1 1 1 1 1 1 1 1 1 1 1 1 1 1 1 1 1 1 1 1 0 0 1 0 1 0 1 0 1 0 0 1 0 0 0 0 0
 0 1 0]"
23,0.9999777068986991,"[1 1 1 1 1 1 1 1 1 1 1 1 1 1 1 1 1 1 0 1 1 0 1 0 1 0 0 1 1 0 0 1 0 0 0 1 0
 1 1 0]"
23,0.9975170270066132,"[1 1 1 1 1 1 1 1 1 1 1 0 1 1 1 1 1 0 1 1 0 1 0 1 1 0 0 1 1 0 0 1 1 1 0 0 0
 1 1 1]"
23,0.8521551965673126,"[1 1 1 1 1 0 1 1 1 1 1 0 1 1 1 1 1 1 0 1 1 0 1 0 1 0 1 1 1 0 0 1 0 0 0 1 0
 1 1 0]"
23,0.999977893414146,"[1 1 1 1 1 1 1 1 1 1 1 1 1 1 1 1 1 1 0 1 1 0 1 0 1 1 1 0 1 0 0 1 0 0 1 1 0
 0 1 0]"
23,0.9245571893728981,"[1 1 1 1 1 1 0 1 1 1 1 1 1 1 1 1 1 1 1 1 0 0 0 1 1 0 1 1 0 0 0 1 0 0 0 0 0
 1 1 1]"
23,0.8542829027495714,"[1 1 1 1 1 0 1 1 1 1 1 1 1 1 1 1 1 1 1 1 0 0 0 0 1 0 1 0 0 0 1 1 0 0 0 0 0
 1 1 1]"
23,0.9895513698538185,"[1 1 1 1 1 1 1 1 1 0 1 1 1 0 1 1 0 0 1 1 0 0 1 1 0 0 1 0 0 0 1 0 0 1 1 0 0
 1 1 1]"
23,0.9999764774418247,"[1 1 1 1 1 1 1 1 1 1 1 1 1 1 1 1 1 1 0 1 1 0 0 0 1 0 0 0 1 0 0 1 0 0 0 0 0
 1 1 1]"
23,0.9987522844641348,"[1 1 1 1 1 1 1 1 1 1 1 1 0 1 1 1 1 1 0 1 0 0 0 1 1 0 0 0 0 0 0 1 0 0 1 0 0
 0 0 1]"
23,0.9999496616272056,"[1 1 1 1 1 1 1 1 1 1 1 1 1 1 1 1 1 0 1 0 1 0 1 1 1 0 0 0 1 0 1 1 0 1 0 1 0
 1 1 1]"
23,0.9999921979361884,"[1 1 1 1 1 1 1 1 1 1 1 1 1 1 1 1 1 1 1 1 0 0 1 0 1 1 1 0 1 0 0 1 0 0 0 0 0
 1 1 0]"
23,0.9995819044419668,"[1 1 1 1 1 1 1 1 1 1 1 1 1 1 0 1 0 1 0 0 0 0 1 0 0 1 1 0 1 0 1 1 1 0 0 0 0
 1 1 1]"
23,0.9998227858125139,"[1 1 1 1 1 1 1 1 1 1 1 1 1 1 1 0 1 1 0 1 0 1 1 0 1 0 1 0 1 0 0 1 0 0 0 0 0
 0 1 1]"
23,0.2630386125570449,"[1 1 0 1 1 1 1 1 1 1 1 1 1 1 1 1 0 0 1 1 0 0 0 1 1 0 1 1 1 0 0 1 0 1 0 0 0
 1 1 1]"
23,0.9999926450498291,"[1 1 1 1 1 1 1 1 1 1 1 1 1 1 1 1 1 1 1 1 0 0 1 1 1 0 1 0 1 0 0 1 0 0 0 0 1
 1 1 1]"
23,0.7243087837871891,"[1 1 1 1 0 1 1 1 1 1 0 1 1 1 1 1 1 1 1 1 0 0 0 1 1 0 0 0 1 0 0 1 0 0 0 0 1
 1 1 1]"
23,0.9999911362455106,"[1 1 1 1 1 1 1 1 1 1 1 1 1 1 1 1 1 1 1 1 0 0 0 1 0 0 1 0 0 0 0 1 0 0 0 0 0
 1 1 1]"
23,0.9999920491802895,"[1 1 1 1 1 1 1 1 1 1 1 1 1 1 1 1 1 1 1 1 0 0 1 0 1 0 1 0 1 0 0 1 0 0 1 0 0
 0 1 0]"
23,0.0555839116592637,"[1 0 1 1 1 1 1 1 1 0 1 1 1 1 1 1 1 1 1 1 0 0 0 1 1 0 1 0 0 0 0 1 0 0 0 0 0
 1 1 1]"
23,0.999977893450525,"[1 1 1 1 1 1 1 1 1 1 1 1 1 1 1 1 1 1 0 1 1 0 1 0 1 1 1 0 1 0 0 1 0 0 1 1 0
 1 1 0]"
23,0.9999395991791566,"[1 1 1 1 1 1 1 1 1 1 1 1 1 1 1 1 1 0 0 1 1 0 1 0 1 0 1 0 1 0 0 1 0 1 0 1 0
 1 1 0]"
23,0.9999926425942097,"[1 1 1 1 1 1 1 1 1 1 1 1 1 1 1 1 1 1 1 1 0 0 1 1 1 0 1 0 1 0 0 0 0 0 0 0 0
 0 0 1]"
23,0.9999716908282867,"[1 1 1 1 1 1 1 1 1 1 1 1 1 1 1 1 1 1 0 1 0 0 0 0 1 0 0 0 0 0 0 1 0 0 1 0 0
 1 0 1]"
23,0.9999777814030127,"[1 1 1 1 1 1 1 1 1 1 1 1 1 1 1 1 1 1 0 1 1 0 1 0 1 0 1 1 1 0 0 1 0 0 0 1 0
 1 1 0]"
23,0.9510423267146842,"[1 1 1 1 1 1 1 0 1 0 1 1 0 1 1 1 1 1 0 1 1 0 1 0 1 1 1 0 1 0 0 1 0 0 1 1 0
 1 1 0]"
23,0.9993812550188289,"[1 1 1 1 1 1 1 1 1 1 1 1 1 0 1 1 1 1 1 1 0 0 0 1 1 0 1 0 0 0 0 1 0 0 0 0 0
 1 1 1]"
23,0.9615909442984794,"[1 1 1 1 1 1 1 0 1 1 1 1 1 1 1 1 1 1 0 1 0 0 1 0 1 0 1 0 0 1 0 1 0 1 0 0 0
 1 1 1]"
23,0.0009390283391312574,"[0 1 1 1 1 1 1 1 0 1 1 1 1 1 1 1 1 1 0 1 0 0 1 0 1 1 0 0 1 0 1 1 0 1 1 1 0
 1 1 1]"
23,0.9999731153981195,"[1 1 1 1 1 1 1 1 1 1 1 1 1 1 1 1 1 1 0 1 0 0 1 0 1 1 1 0 0 1 0 1 0 0 0 0 0
 0 1 0]"
23,0.05486235709207811,"[1 0 1 1 1 1 1 1 0 1 1 1 1 1 1 1 1 1 0 1 1 0 0 0 1 0 0 0 0 0 0 1 0 0 1 0 0
 1 0 1]"
23,0.9999741677585685,"[1 1 1 1 1 1 1 1 1 1 1 1 1 1 1 1 1 1 0 1 0 1 0 0 1 0 1 0 1 0 0 1 0 0 0 0 0
 0 0 1]"
step,fitness,genome
24,0.0009764726230240603,"[0 1 1 1 1 1 1 1 1 1 1 1 1 1 1 1 1 0 1 1 0 0 1 0 1 1 0 0 1 0 1 1 0 0 0 0 0
 1 1 0]"
24,0.9999774941539874,"[1 1 1 1 1 1 1 1 1 1 1 1 1 1 1 1 1 1 0 1 1 0 1 0 0 0 1 1 1 1 0 1 1 0 1 1 0
 1 1 0]"
24,0.9999774833857883,"[1 1 1 1 1 1 1 1 1 1 1 1 1 1 1 1 1 1 0 1 1 0 1 0 0 0 1 1 1 0 0 1 0 0 0 1 0
 1 1 0]"
24,0.9999824007893504,"[1 1 1 1 1 1 1 1 1 1 1 1 1 1 1 1 1 1 1 0 0 0 1 0 0 1 1 1 1 0 0 1 0 0 1 0 0
 0 1 0]"
24,0.03679299585693907,"[1 0 1 1 0 1 1 1 1 1 1 1 1 1 1 1 1 1 0 1 1 0 1 0 1 0 1 1 1 0 0 1 0 0 0 1 0
 1 1 0]"
24,0.9999921979361884,"[1 1 1 1 1 1 1 1 1 1 1 1 1 1 1 1 1 1 1 1 0 0 1 0 1 1 1 0 1 0 0 1 0 0 0 0 0
 1 1 0]"
24,0.999979878294044,"[1 1 1 1 1 1 1 1 1 1 1 1 1 1 1 1 1 1 0 1 1 1 1 0 0 0 1 1 1 1 0 1 1 0 1 1 0
 1 1 0]"
24,0.9999679576449192,"[1 1 1 1 1 1 1 1 1 1 1 1 1 1 1 1 1 1 0 0 1 0 1 0 0 0 1 1 1 1 0 1 1 0 1 1 0
 1 1 0]"
24,0.9615730975005209,"[1 1 1 1 1 1 1 0 1 1 1 1 1 1 1 1 1 0 1 1 0 0 1 1 1 0 1 0 0 0 0 1 0 0 0 0 1
 1 1 1]"
24,0.5244585547779376,"[1 1 1 0 1 1 1 1 1 1 1 1 1 1 1 1 1 1 1 1 1 0 1 0 0 0 1 1 1 1 0 1 1 0 1 1 0
 1 1 0]"
24,0.8542844646320936,"[1 1 1 1 1 0 1 1 1 1 1 1 1 1 1 1 1 1 1 1 0 0 1 1 1 0 1 0 1 0 0 0 0 0 0 0 0
 0 0 1]"
24,0.9951057070535595,"[1 1 1 1 1 1 1 1 1 1 0 1 1 1 1 1 1 1 0 1 1 0 1 0 1 0 0 1 1 0 0 1 0 0 0 1 0
 1 1 0]"
24,0.9245573780945929,"[1 1 1 1 1 1 0 1 1 1 1 1 1 1 1 1 1 1 1 1 0 0 1 0 0 0 0 0 1 0 0 0 0 0 0 0 0
 0 1 1]"
24,0.26306726654333645,"[1 1 0 1 1 1 1 1 1 1 1 1 1 1 1 1 1 1 0 1 0 0 0 1 1 0 1 0 0 0 0 1 0 1 0 1 0
 1 1 1]"
24,0.9999764751135676,"[1 1 1 1 1 1 1 1 1 1 1 1 1 1 1 1 1 1 0 1 1 0 0 0 1 0 0 0 1 0 0 0 0 0 0 0 0
 1 1 1]"
24,0.9222458374700893,"[1 1 1 1 1 1 0 1 1 1 1 0 1 1 1 1 1 0 1 0 1 0 1 1 1 0 0 0 1 0 1 1 0 1 0 0 0
 1 1 1]"
24,0.9902698882173225,"[1 1 1 1 1 1 1 1 1 0 1 1 1 1 1 1 1 1 1 1 0 0 1 1 1 0 1 0 1 0 0 1 0 0 0 0 1
 1 1 1]"
24,0.9245578706204115,"[1 1 1 1 1 1 0 1 1 1 1 1 1 1 1 1 1 1 1 1 0 0 1 0 1 1 1 0 1 0 1 1 0 0 0 0 0
 1 1 0]"
24,0.9999974109444489,"[1 1 1 1 1 1 1 1 1 1 1 1 1 1 1 1 1 1 1 1 1 0 1 1 1 0 1 0 1 0 0 0 0 0 0 0 0
 0 0 1]"
24,0.9999774941539874,"[1 1 1 1 1 1 1 1 1 1 1 1 1 1 1 1 1 1 0 1 1 0 1 0 0 0 1 1 1 1 0 1 1 0 1 1 0
 1 1 0]"
24,0.263060439488015,"[1 1 0 1 1 1 1 1 1 1 1 1 1 1 1 1 1 0 1 0 1 0 1 1 1 0 0 0 1 0 0 0 0 1 0 1 0
 1 1 1]"
24,0.9999778747880652,"[1 1 1 1 1 1 1 1 1 1 1 1 1 1 1 1 1 1 0 1 1 0 1 0 1 1 1 0 0 0 0 1 0 0 1 1 0
 0 1 0]"
24,0.999991899924192,"[1 1 1 1 1 1 1 1 1 1 1 1 1 1 1 1 1 1 1 1 0 0 1 0 0 1 1 0 1 0 0 1 0 0 0 0 0
 1 1 1]"
24,0.8542633883064297,"[1 1 1 1 1 0 1 1 1 1 1 1 1 1 1 1 1 1 0 0 1 0 1 0 1 1 1 0 1 0 0 1 0 0 1 1 0
 1 1 0]"
24,0.9999926451953474,"[1 1 1 1 1 1 1 1 1 1 1 1 1 1 1 1 1 1 1 1 0 0 1 1 1 0 1 0 1 0 0 1 0 0 0 1 1
 1 1 1]"
24,0.9245567554436469,"[1 1 1 1 1 1 0 1 1 1 1 1 1 1 1 1 1 1 1 1 0 0 0 0 1 1 1 0 1 0 0 1 0 0 0 0 0
 1 1 0]"
24,0.9999778908312323,"[1 1 1 1 1 1 1 1 1 1 1 1 1 1 1 1 1 1 0 1 1 0 1 0 1 1 1 0 1 0 0 0 0 0 0 1 0
 1 1 0]"
24,0.24050602417221584,"[1 1 0 1 1 1 0 1 1 1 1 1 1 1 1 1 1 1 1 1 0 0 1 0 0 0 1 0 1 0 0 0 0 0 0 0 1
 0 1 1]"
24,0.9999717836398602,"[1 1 1 1 1 1 1 1 1 1 1 1 1 1 1 1 1 1 0 1 0 0 0 0 1 0 1 0 1 0 0 1 0 0 0 0 0
 0 1 0]"
24,0.9999910064161852,"[1 1 1 1 1 1 1 1 1 1 1 1 1 1 1 1 1 1 1 1 0 0 0 0 1 1 1 0 1 0 0 1 0 1 0 0 0
 1 0 0]"
24,0.9245432172159724,"[1 1 1 1 1 1 0 1 1 1 1 1 1 1 1 1 1 1 0 1 1 0 0 0 1 0 0 0 1 0 0 1 0 0 0 0 0
 1 1 1]"
24,0.9999908568055279,"[1 1 1 1 1 1 1 1 1 1 1 1 1 1 1 1 1 1 1 1 0 0 0 0 1 0 1 0 1 0 0 1 0 0 0 0 0
 0 1 0]"
24,0.26307291125181986,"[1 1 0 1 1 1 1 1 1 1 1 1 1 1 1 1 1 1 1 1 0 0 0 1 0 0 1 0 0 0 0 1 0 0 0 1 0
 1 1 1]"
24,0.9997637883014904,"[1 1 1 1 1 1 1 1 1 1 1 1 1 1 1 0 0 1 1 1 0 0 1 1 1 0 1 0 1 0 0 1 0 0 0 0 1
 1 1 1]"
24,0.9999911734981171,"[1 1 1 1 1 1 1 1 1 1 1 1 1 1 1 1 1 1 1 1 0 0 0 1 0 0 1 1 0 0 0 1 0 0 0 0 0
 1 1 1]"
24,0.9975524299160623,"[1 1 1 1 1 1 1 1 1 1 1 0 1 1 1 1 1 1 1 1 0 0 0 1 0 0 1 0 0 0 0 1 0 0 0 0 0
 1 1 1]"
24,0.9902551180615403,"[1 1 1 1 1 1 1 1 1 0 1 1 1 1 1 1 1 1 0 1 1 0 1 0 1 0 1 0 1 0 0 1 0 0 1 1 0
 1 1 0]"
24,0.9993820229959679,"[1 1 1 1 1 1 1 1 1 1 1 1 1 0 1 1 1 1 1 1 0 0 1 0 1 1 1 0 1 0 1 1 0 0 0 0 1
 1 1 0]"
24,0.0009765191001982362,"[0 1 1 1 1 1 1 1 1 1 1 1 1 1 1 1 1 1 0 1 1 0 1 0 1 0 1 1 1 0 0 0 0 0 0 1 0
 1 1 1]"
24,0.9998239033946934,"[1 1 1 1 1 1 1 1 1 1 1 1 1 1 1 0 1 1 0 1 1 0 0 0 1 0 0 0 1 0 0 1 0 0 0 1 0
 1 1 0]"
24,0.7278981150797023,"[1 1 1 1 0 1 1 1 1 1 1 1 1 1 1 1 0 1 0 1 0 0 0 1 1 1 0 0 0 0 0 1 0 0 1 0 0
 1 1 1]"
24,0.9999497361933003,"[1 1 1 1 1 1 1 1 1 1 1 1 1 1 1 1 1 0 1 0 1 0 1 1 1 0 1 0 1 0 1 1 0 1 0 1 1
 1 1 0]"
24,0.9615357155104991,"[1 1 1 1 1 1 1 0 1 1 1 1 1 1 1 1 0 1 1 1 0 0 1 0 1 0 1 0 1 0 0 1 0 0 0 0 0
 0 1 0]"
24,0.924557871162813,"[1 1 1 1 1 1 0 1 1 1 1 1 1 1 1 1 1 1 1 1 0 0 1 0 1 1 1 0 1 0 1 1 0 1 0 0 0
 1 1 0]"
24,0.9987720062234998,"[1 1 1 1 1 1 1 1 1 1 1 1 0 1 1 1 1 1 1 1 0 0 1 0 1 0 1 0 0 0 0 1 0 0 0 0 0
 0 1 0]"
24,0.045318291653109334,"[1 0 1 1 1 0 1 1 1 1 0 1 1 1 1 1 1 1 0 1 0 0 0 0 1 0 0 0 0 0 0 1 0 0 1 1 0
 1 0 1]"
24,0.9987565451122828,"[1 1 1 1 1 1 1 1 1 1 1 1 0 1 1 1 1 1 0 1 1 0 0 0 1 0 1 0 1 0 0 1 0 0 0 1 1
 1 1 0]"
24,0.9902505438602477,"[1 1 1 1 1 1 1 1 1 0 1 1 1 1 1 1 1 1 0 1 0 0 1 0 1 1 1 0 1 0 1 1 0 0 1 1 0
 1 1 0]"
24,0.000902881466839776,"[0 1 1 1 1 1 1 0 1 1 1 1 1 1 1 1 1 1 1 1 0 0 1 0 1 1 1 0 1 1 1 1 0 0 0 0 0
 1 1 0]"
24,0.2630688736657713,"[1 1 0 1 1 1 1 1 1 1 1 1 1 1 1 1 1 1 0 1 1 0 1 0 1 0 0 1 1 0 0 1 0 0 1 1 0
 1 1 0]"
step,fitness,genome
25,0.9998382620236659,"[1 1 1 1 1 1 1 1 1 1 1 1 1 1 1 0 1 1 1 1 0 0 0 0 1 0 1 0 0 0 0 1 0 0 0 0 0
 0 1 0]"
25,0.9999907131975054,"[1 1 1 1 1 1 1 1 1 1 1 1 1 1 1 1 1 1 1 1 0 0 0 0 0 1 1 0 1 0 1 1 0 1 0 1 0
 1 0 0]"
25,0.9999926453317706,"[1 1 1 1 1 1 1 1 1 1 1 1 1 1 1 1 1 1 1 1 0 0 1 1 1 0 1 0 1 0 0 1 0 0 1 0 1
 1 1 0]"
25,0.9999719328023082,"[1 1 1 1 1 1 1 1 1 1 1 1 1 1 1 1 1 1 0 1 0 0 0 0 1 1 1 0 1 0 0 1 0 0 0 1 0
 0 1 1]"
25,0.9994425595943679,"[1 1 1 1 1 1 1 1 1 1 1 1 1 1 0 0 0 1 0 1 1 0 0 0 1 0 0 0 1 0 0 1 0 0 0 1 0
 1 1 0]"
25,0.9997634903416641,"[1 1 1 1 1 1 1 1 1 1 1 1 1 1 1 0 0 1 1 1 0 0 1 1 0 0 1 0 1 0 0 1 0 0 0 0 1
 1 1 1]"
25,0.999687066203684,"[1 1 1 1 1 1 1 1 1 1 1 1 1 1 0 1 1 1 1 1 0 0 1 0 1 1 1 0 1 0 0 1 0 0 0 0 0
 1 1 0]"
25,0.999991007580329,"[1 1 1 1 1 1 1 1 1 1 1 1 1 1 1 1 1 1 1 1 0 0 0 0 1 1 1 0 1 0 0 1 1 1 0 0 0
 1 0 0]"
25,0.9154980795757256,"[1 1 1 1 1 1 0 1 1 0 1 1 1 1 1 1 1 1 1 1 0 0 1 0 1 1 1 0 1 0 0 1 0 0 0 0 0
 0 1 0]"
25,2.3036830752445708e-05,"[0 1 0 1 0 1 1 1 1 1 1 1 1 1 1 1 1 1 1 1 1 0 1 0 0 0 1 1 1 1 0 1 1 0 1 1 0
 1 1 0]"
25,0.8542580859491393,"[1 1 1 1 1 0 1 1 1 1 1 1 1 1 1 1 1 1 0 0 0 0 0 0 1 0 1 0 1 0 0 1 0 0 0 0 0
 0 1 0]"
25,0.5237653665900289,"[1 1 1 0 1 1 1 1 1 1 1 1 0 1 1 1 1 1 0 1 1 0 1 0 0 0 0 1 1 1 0 1 1 0 1 1 0
 1 0 0]"
25,0.9999537516835697,"[1 1 1 1 1 1 1 1 1 1 1 1 1 1 1 1 1 0 1 1 0 0 1 0 0 1 1 0 1 0 0 0 0 0 0 1 0
 1 0 1]"
25,0.0009765472616387373,"[0 1 1 1 1 1 1 1 1 1 1 1 1 1 1 1 1 1 1 1 0 0 1 0 1 1 1 0 1 0 0 1 0 0 0 0 0
 1 1 0]"
25,0.9999908568055279,"[1 1 1 1 1 1 1 1 1 1 1 1 1 1 1 1 1 1 1 1 0 0 0 0 1 0 1 0 1 0 0 1 0 0 0 0 0
 0 1 0]"
25,0.9901026238765355,"[1 1 1 1 1 1 1 1 1 0 1 1 1 1 1 0 1 1 0 1 1 0 0 0 1 0 0 0 1 0 0 1 0 0 0 1 0
 1 1 0]"
25,0.9999914536839594,"[1 1 1 1 1 1 1 1 1 1 1 1 1 1 1 1 1 1 1 1 0 0 0 1 1 0 1 0 1 0 0 1 0 1 0 1 1
 1 1 0]"
25,0.2404951974313746,"[1 1 0 1 1 1 0 1 1 1 1 1 1 1 1 1 1 0 1 1 0 0 0 0 1 0 1 0 1 0 0 1 0 0 1 0 0
 0 1 0]"
25,0.7098347483087368,"[1 1 1 1 0 1 1 1 0 1 0 1 1 1 1 1 1 1 1 1 1 0 1 1 1 0 1 0 1 0 0 0 0 0 0 0 0
 0 0 1]"
25,0.9999679576449192,"[1 1 1 1 1 1 1 1 1 1 1 1 1 1 1 1 1 1 0 0 1 0 1 0 0 0 1 1 1 1 0 1 1 0 1 1 0
 1 1 0]"
25,0.9999921985182609,"[1 1 1 1 1 1 1 1 1 1 1 1 1 1 1 1 1 1 1 1 0 0 1 0 1 1 1 0 1 0 0 1 0 1 0 0 0
 1 1 0]"
25,0.9999926451953474,"[1 1 1 1 1 1 1 1 1 1 1 1 1 1 1 1 1 1 1 1 0 0 1 1 1 0 1 0 1 0 0 1 0 0 0 1 1
 1 1 1]"
25,0.9987588522097207,"[1 1 1 1 1 1 1 1 1 1 1 1 0 1 1 1 1 1 0 1 1 1 0 0 1 0 0 0 1 0 0 1 0 0 0 1 1
 1 1 0]"
25,0.9902681248603845,"[1 1 1 1 1 1 1 1 1 0 1 1 1 1 1 1 1 1 1 1 0 0 0 0 1 0 1 0 1 1 0 1 0 0 0 0 0
 0 1 0]"
25,0.9993851937717402,"[1 1 1 1 1 1 1 1 1 1 1 1 1 0 1 1 1 1 1 1 1 0 0 0 0 0 1 1 1 1 0 1 1 0 1 0 0
 1 1 0]"
25,0.056311463241349606,"[1 0 1 1 1 1 1 1 1 1 1 1 1 1 1 1 1 1 0 1 0 0 1 0 0 0 1 0 1 0 0 1 0 0 0 1 0
 0 1 0]"
25,0.9951253246780858,"[1 1 1 1 1 1 1 1 1 1 0 1 1 1 1 1 1 1 1 1 1 0 1 1 1 0 1 0 1 0 0 0 0 0 0 0 0
 0 0 1]"
25,0.999992570690037,"[1 1 1 1 1 1 1 1 1 1 1 1 1 1 1 1 1 1 1 1 0 0 1 1 1 0 0 0 1 0 0 1 0 0 0 1 1
 1 1 1]"
25,0.2601475427306048,"[1 1 0 1 1 1 1 1 1 0 1 1 1 1 1 1 1 1 0 1 1 0 1 0 1 0 1 0 1 0 0 1 0 0 1 1 0
 1 1 0]"
25,0.9996772764026479,"[1 1 1 1 1 1 1 1 1 1 1 1 1 1 0 1 1 1 1 0 0 0 1 0 0 1 1 1 1 0 1 1 0 0 1 0 0
 0 1 0]"
25,0.9975525785993993,"[1 1 1 1 1 1 1 1 1 1 1 0 1 1 1 1 1 1 1 1 0 0 0 1 0 1 1 0 0 0 0 1 0 0 0 0 0
 1 1 1]"
25,0.9999922351888304,"[1 1 1 1 1 1 1 1 1 1 1 1 1 1 1 1 1 1 1 1 0 0 1 0 1 1 1 1 1 0 0 1 0 0 0 0 0
 1 1 0]"
25,0.9999778724961842,"[1 1 1 1 1 1 1 1 1 1 1 1 1 1 1 1 1 1 0 1 1 0 1 0 1 1 1 0 0 0 0 0 0 0 1 1 0
 1 1 0]"
25,0.9995865643945231,"[1 1 1 1 1 1 1 1 1 1 1 1 1 1 0 1 0 1 0 0 1 0 1 0 0 0 1 1 1 1 0 1 1 0 1 1 0
 1 1 0]"
25,0.9997637929571134,"[1 1 1 1 1 1 1 1 1 1 1 1 1 1 1 0 0 1 1 1 0 0 1 1 1 0 1 0 1 0 1 1 0 0 0 0 1
 1 1 1]"
25,0.9987720062234998,"[1 1 1 1 1 1 1 1 1 1 1 1 0 1 1 1 1 1 1 1 0 0 1 0 1 0 1 0 0 0 0 1 0 0 0 0 0
 0 1 0]"
25,0.9615976163618248,"[1 1 1 1 1 1 1 0 1 1 1 1 1 1 1 1 1 1 0 1 1 1 1 0 0 0 1 1 1 1 0 1 1 0 1 1 0
 1 1 0]"
25,0.9999974109444489,"[1 1 1 1 1 1 1 1 1 1 1 1 1 1 1 1 1 1 1 1 1 0 1 1 1 0 1 0 1 0 0 0 0 0 0 0 0
 0 0 1]"
25,0.9999812084613221,"[1 1 1 1 1 1 1 1 1 1 1 1 1 1 1 1 1 1 1 0 0 0 0 0 0 1 1 1 1 0 0 1 0 0 0 0 0
 1 1 0]"
25,0.9245580227386029,"[1 1 1 1 1 1 0 1 1 1 1 1 1 1 1 1 1 1 1 1 0 0 1 1 0 0 1 1 0 0 0 1 0 0 1 0 0
 0 1 1]"
25,0.05631183806508902,"[1 0 1 1 1 1 1 1 1 1 1 1 1 1 1 1 1 1 0 1 1 0 1 0 1 0 0 0 1 0 0 1 0 0 1 1 0
 0 0 0]"
25,0.21686680815345669,"[1 1 0 1 1 0 1 1 1 0 1 1 0 1 1 0 1 1 1 1 1 0 1 1 1 1 1 0 0 0 0 0 0 0 0 0 0
 0 0 1]"
25,0.9999678338116987,"[1 1 1 1 1 1 1 1 1 1 1 1 1 1 1 1 1 1 0 0 1 0 1 0 0 0 0 0 1 0 0 0 1 0 0 0 0
 1 1 0]"
25,0.2630742749758374,"[1 1 0 1 1 1 1 1 1 1 1 1 1 1 1 1 1 1 1 1 1 0 0 0 1 0 1 1 1 1 0 1 0 0 1 1 0
 1 1 1]"
25,0.9999678831412644,"[1 1 1 1 1 1 1 1 1 1 1 1 1 1 1 1 1 1 0 0 1 0 1 0 0 0 0 1 1 1 0 1 1 0 1 1 0
 1 1 0]"
25,0.9998239033946934,"[1 1 1 1 1 1 1 1 1 1 1 1 1 1 1 0 1 1 0 1 1 0 0 0 1 0 0 0 1 0 0 1 0 0 0 1 0
 1 1 0]"
25,0.9999913230906273,"[1 1 1 1 1 1 1 1 1 1 1 1 1 1 1 1 1 1 1 1 0 0 0 1 0 1 1 1 0 0 0 1 0 1 0 0 0
 1 1 1]"
25,0.99511894823983,"[1 1 1 1 1 1 1 1 1 1 0 1 1 1 1 1 1 1 1 1 0 0 0 0 1 1 1 0 1 0 0 1 0 1 0 0 0
 1 0 0]"
25,0.9998239778886936,"[1 1 1 1 1 1 1 1 1 1 1 1 1 1 1 0 1 1 0 1 1 0 0 0 1 0 1 0 1 0 0 1 0 0 0 1 0
 1 1 0]"
25,0.9999778909039905,"[1 1 1 1 1 1 1 1 1 1 1 1 1 1 1 1 1 1 0 1 1 0 1 0 1 1 1 0 1 0 0 0 0 0 0 1 1
 1 1 0]"
step,fitness,genome
26,0.9999926453317706,"[1 1 1 1 1 1 1 1 1 1 1 1 1 1 1 1 1 1 1 1 0 0 1 1 1 0 1 0 1 0 0 1 0 0 1 0 1
 1 1 0]"
26,0.9999679529884407,"[1 1 1 1 1 1 1 1 1 1 1 1 1 1 1 1 1 1 0 0 1 0 1 0 0 0 1 1 1 0 1 1 1 0 1 1 0
 1 1 0]"
26,0.9245405096579515,"[1 1 1 1 1 1 0 1 1 1 1 1 1 1 1 1 1 1 0 1 0 0 1 1 1 0 1 0 1 0 0 1 0 0 0 0 1
 1 1 1]"
26,0.9999921986637791,"[1 1 1 1 1 1 1 1 1 1 1 1 1 1 1 1 1 1 1 1 0 0 1 0 1 1 1 0 1 0 0 1 0 1 0 1 0
 1 1 0]"
26,0.9999921985182609,"[1 1 1 1 1 1 1 1 1 1 1 1 1 1 1 1 1 1 1 1 0 0 1 0 1 1 1 0 1 0 0 1 0 1 0 0 0
 1 1 0]"
26,0.9999921985182609,"[1 1 1 1 1 1 1 1 1 1 1 1 1 1 1 1 1 1 1 1 0 0 1 0 1 1 1 0 1 0 0 1 0 1 0 0 0
 1 1 0]"
26,0.9999914536839594,"[1 1 1 1 1 1 1 1 1 1 1 1 1 1 1 1 1 1 1 1 0 0 0 1 1 0 1 0 1 0 0 1 0 1 0 1 1
 1 1 0]"
26,0.9996875136309707,"[1 1 1 1 1 1 1 1 1 1 1 1 1 1 0 1 1 1 1 1 0 0 1 1 1 0 1 0 1 0 0 1 0 0 1 1 1
 1 1 1]"
26,0.05344800172837132,"[1 0 1 1 1 1 1 0 1 1 1 1 1 1 1 1 1 1 1 1 1 0 0 0 1 0 1 0 1 0 0 1 0 0 0 0 0
 0 1 0]"
26,0.7275120596631988,"[1 1 1 1 0 1 1 1 1 1 1 1 1 0 1 1 1 1 1 1 0 0 1 1 1 0 0 0 1 1 0 1 0 0 0 1 1
 0 1 1]"
26,0.05622173176072704,"[1 0 1 1 1 1 1 1 1 1 1 1 0 1 1 1 1 1 1 1 1 0 1 1 1 0 1 0 1 0 0 1 0 0 0 0 0
 0 0 1]"
26,0.9999778723506679,"[1 1 1 1 1 1 1 1 1 1 1 1 1 1 1 1 1 1 0 1 1 0 1 0 1 1 1 0 0 0 0 0 0 0 1 0 0
 1 1 0]"
26,0.9616100853077867,"[1 1 1 1 1 1 1 0 1 1 1 1 1 1 1 1 1 1 1 1 0 0 1 1 1 1 1 0 1 0 0 1 0 0 1 0 1
 0 0 0]"
26,0.9999910075439495,"[1 1 1 1 1 1 1 1 1 1 1 1 1 1 1 1 1 1 1 1 0 0 0 0 1 1 1 0 1 0 0 1 1 1 0 0 0
 0 0 0]"
26,0.9999719328023082,"[1 1 1 1 1 1 1 1 1 1 1 1 1 1 1 1 1 1 0 1 0 0 0 0 1 1 1 0 1 0 0 1 0 0 0 1 0
 0 1 1]"
26,0.9998153078099898,"[1 1 1 1 1 1 1 1 1 1 1 1 1 1 1 0 1 1 0 0 1 0 1 0 0 0 0 1 1 1 0 0 1 0 1 1 0
 1 1 0]"
26,0.2514473476406298,"[1 1 0 1 1 1 1 0 1 1 1 1 1 1 0 1 0 1 0 1 1 0 0 0 1 0 0 0 1 0 0 1 0 0 1 1 0
 1 1 0]"
26,0.9975538617926016,"[1 1 1 1 1 1 1 1 1 1 1 0 1 1 1 1 1 1 1 1 0 0 1 1 1 0 0 0 1 0 0 1 0 1 0 1 1
 1 1 1]"
26,0.9999919052810768,"[1 1 1 1 1 1 1 1 1 1 1 1 1 1 1 1 1 1 1 1 0 0 1 0 0 1 1 0 1 0 1 1 0 1 0 1 0
 1 0 0]"
26,0.05631287301334869,"[1 0 1 1 1 1 1 1 1 1 1 1 1 1 1 1 1 1 1 1 0 0 0 1 1 0 1 0 1 0 0 1 0 1 0 1 1
 1 1 1]"
26,0.9975279891748438,"[1 1 1 1 1 1 1 1 1 1 1 0 1 1 1 1 1 1 0 0 1 0 0 0 0 0 0 0 1 0 0 0 1 0 0 0 0
 1 0 0]"
26,0.5244129418640952,"[1 1 1 0 1 1 1 1 1 1 1 1 1 1 1 1 0 1 1 1 0 0 0 1 0 1 1 1 0 0 0 1 0 0 0 0 0
 1 1 1]"
26,0.05631295688251574,"[1 0 1 1 1 1 1 1 1 1 1 1 1 1 1 1 1 1 1 1 0 0 1 1 1 0 0 0 1 0 0 1 0 0 0 1 1
 1 1 1]"
26,0.998770834054663,"[1 1 1 1 1 1 1 1 1 1 1 1 0 1 1 1 1 1 1 1 0 0 0 0 1 0 1 0 1 0 0 1 0 0 0 0 0
 0 1 0]"
26,0.9245570164825668,"[1 1 1 1 1 1 0 1 1 1 1 1 1 1 1 1 1 1 1 1 0 0 0 1 0 1 1 0 0 0 0 1 0 1 0 1 0
 1 1 1]"
26,0.9222858031393897,"[1 1 1 1 1 1 0 1 1 1 1 0 1 1 1 1 1 1 1 1 0 0 1 1 1 0 1 0 1 0 0 1 0 0 1 0 1
 1 1 0]"
26,0.9993824654191062,"[1 1 1 1 1 1 1 1 1 1 1 1 1 0 1 1 1 1 1 1 0 0 1 1 1 0 1 0 1 0 0 1 0 0 1 0 1
 1 1 0]"
26,0.2630657631992498,"[1 1 0 1 1 1 1 1 1 1 1 1 1 1 1 1 1 1 0 0 1 0 0 1 0 0 1 1 1 1 0 1 1 0 1 1 0
 1 1 0]"
26,0.9616095816727983,"[1 1 1 1 1 1 1 0 1 1 1 1 1 1 1 1 1 1 1 1 0 0 1 1 0 0 0 0 1 0 0 1 0 0 0 1 0
 1 1 1]"
26,0.0009765191371272185,"[0 1 1 1 1 1 1 1 1 1 1 1 1 1 1 1 1 1 0 1 1 0 1 0 1 1 0 0 0 0 0 0 0 0 1 1 0
 1 1 0]"
26,0.05631296248695446,"[1 0 1 1 1 1 1 1 1 1 1 1 1 1 1 1 1 1 1 1 0 0 1 1 1 0 1 0 1 0 0 1 0 0 1 0 1
 1 1 0]"
26,0.0009765455529686717,"[0 1 1 1 1 1 1 1 1 1 1 1 1 1 1 1 1 1 1 1 0 0 0 1 0 1 1 1 0 0 0 1 0 1 0 0 0
 1 1 1]"
26,0.999972390403102,"[1 1 1 1 1 1 1 1 1 1 1 1 1 1 1 1 1 1 0 1 0 0 0 1 1 0 1 0 1 1 0 1 1 0 0 1 1
 1 1 0]"
26,0.9999969463484502,"[1 1 1 1 1 1 1 1 1 1 1 1 1 1 1 1 1 1 1 1 1 0 1 0 1 1 1 0 0 0 0 0 0 1 1 1 0
 1 1 0]"
26,0.9998239406416929,"[1 1 1 1 1 1 1 1 1 1 1 1 1 1 1 0 1 1 0 1 1 0 0 0 1 0 0 1 1 0 0 1 0 0 0 1 0
 1 1 0]"
26,0.9993812744257274,"[1 1 1 1 1 1 1 1 1 1 1 1 1 0 1 1 1 1 1 1 0 0 0 1 1 0 1 0 1 0 0 1 0 1 0 1 1
 1 1 0]"
26,0.9155003507100533,"[1 1 1 1 1 1 0 1 1 0 1 1 1 1 1 1 1 1 1 1 0 1 1 1 0 0 0 0 1 0 0 1 0 0 0 1 1
 1 1 1]"
26,0.9975396617544485,"[1 1 1 1 1 1 1 1 1 1 1 0 1 1 1 1 1 1 0 1 1 0 1 1 1 0 1 0 1 0 0 1 0 0 0 0 0
 0 0 1]"
26,0.9987578835356414,"[1 1 1 1 1 1 1 1 1 1 1 1 0 1 1 1 1 1 0 1 1 0 1 0 1 1 1 0 1 0 0 0 1 0 0 1 1
 1 0 0]"
26,0.9999734794328149,"[1 1 1 1 1 1 1 1 1 1 1 1 1 1 1 1 1 1 0 1 0 0 1 1 1 0 0 0 0 0 0 1 0 1 0 1 1
 1 0 1]"
26,0.9999920491530049,"[1 1 1 1 1 1 1 1 1 1 1 1 1 1 1 1 1 1 1 1 0 0 1 0 1 0 1 0 1 0 0 1 0 0 0 1 1
 1 1 1]"
26,0.05585626204408763,"[1 0 1 1 1 1 1 1 1 1 0 1 0 1 1 1 1 1 1 1 0 0 0 1 0 1 1 1 0 0 0 1 0 1 0 0 0
 1 1 1]"
26,0.9615308711068944,"[1 1 1 1 1 1 1 0 1 1 1 1 1 1 1 1 0 1 1 0 1 0 1 0 0 0 1 1 1 1 0 1 1 0 0 1 0
 1 1 0]"
26,0.9616095458412426,"[1 1 1 1 1 1 1 0 1 1 1 1 1 1 1 1 1 1 1 1 0 0 1 0 1 1 1 1 1 0 0 1 0 0 1 0 0
 1 1 0]"
26,0.9999913231633863,"[1 1 1 1 1 1 1 1 1 1 1 1 1 1 1 1 1 1 1 1 0 0 0 1 0 1 1 1 0 0 0 1 0 1 0 0 1
 1 1 1]"
26,0.9902454169463352,"[1 1 1 1 1 1 1 1 1 0 1 1 1 1 1 1 1 1 0 0 1 0 1 0 0 0 1 1 1 1 0 1 1 0 1 1 0
 1 1 0]"
26,0.9999591902124371,"[1 1 1 1 1 1 1 1 1 1 1 1 1 1 1 1 1 0 1 1 1 0 1 1 1 0 0 0 1 0 0 0 0 0 0 0 0
 0 0 1]"
26,0.999978337811789,"[1 1 1 1 1 1 1 1 1 1 1 1 1 1 1 1 1 1 0 1 1 0 1 1 1 0 1 0 1 0 0 0 0 0 0 1 0
 0 0 1]"
26,0.8542829148416368,"[1 1 1 1 1 0 1 1 1 1 1 1 1 1 1 1 1 1 1 1 0 0 0 0 1 0 1 0 1 0 0 1 0 0 0 0 0
 0 1 1]"
26,0.990193231322756,"[1 1 1 1 1 1 1 1 1 0 1 1 1 1 1 1 0 1 1 1 0 0 0 1 1 1 1 0 1 0 0 1 0 0 0 0 0
 0 1 0]"
step,fitness,genome
27,0.9782361217795719,"[1 1 1 1 1 1 1 1 0 1 1 0 1 1 1 1 1 1 1 1 0 0 1 1 1 0 1 0 1 0 0 0 0 0 1 0 1
 1 1 0]"
27,0.9999969463484502,"[1 1 1 1 1 1 1 1 1 1 1 1 1 1 1 1 1 1 1 1 1 0 1 0 1 1 1 0 0 0 0 0 0 1 1 1 0
 1 1 0]"
27,0.9999926457683251,"[1 1 1 1 1 1 1 1 1 1 1 1 1 1 1 1 1 1 1 1 0 0 1 1 1 0 1 0 1 0 0 1 0 1 0 1 1
 1 1 0]"
27,0.9799941264879188,"[1 1 1 1 1 1 1 1 0 1 1 1 1 0 1 1 1 0 1 1 0 0 0 1 1 0 1 0 1 0 0 1 0 1 0 1 1
 1 1 0]"
27,0.9999591914493045,"[1 1 1 1 1 1 1 1 1 1 1 1 1 1 1 1 1 0 1 1 1 0 1 1 1 0 0 0 1 0 0 0 1 0 0 0 1
 0 0 1]"
27,0.9993824654191062,"[1 1 1 1 1 1 1 1 1 1 1 1 1 0 1 1 1 1 1 1 0 0 1 1 1 0 1 0 1 0 0 1 0 0 1 0 1
 1 1 0]"
27,0.9616008787491357,"[1 1 1 1 1 1 1 0 1 1 1 1 1 1 1 1 1 1 1 0 0 0 1 1 1 1 1 0 1 0 0 1 0 0 1 0 1
 0 0 0]"
27,0.9990775012939197,"[1 1 1 1 1 1 1 1 1 1 1 1 1 0 0 1 1 1 1 1 0 0 1 1 1 0 1 0 1 0 0 1 0 0 1 1 1
 1 1 1]"
27,0.9999917562705605,"[1 1 1 1 1 1 1 1 1 1 1 1 1 1 1 1 1 1 1 1 0 0 1 0 0 0 1 0 1 0 1 1 0 1 0 1 0
 1 0 0]"
27,0.9999917511319535,"[1 1 1 1 1 1 1 1 1 1 1 1 1 1 1 1 1 1 1 1 0 0 1 0 0 0 1 0 1 0 0 1 0 0 0 1 1
 1 1 1]"
27,0.990255708544468,"[1 1 1 1 1 1 1 1 1 0 1 1 1 1 1 1 1 1 0 1 1 0 1 1 1 0 1 0 1 0 0 1 0 0 0 1 0
 0 0 1]"
27,0.7277865211989161,"[1 1 1 1 0 1 1 1 1 1 1 1 1 1 1 0 0 1 0 1 1 0 0 0 1 0 0 1 0 0 0 1 0 0 0 1 0
 1 1 0]"
27,0.9901179144285482,"[1 1 1 1 1 1 1 1 1 0 1 1 1 1 1 0 1 1 1 1 0 0 1 0 0 1 1 0 1 0 1 1 0 1 0 1 0
 1 1 0]"
27,0.44331936384288856,"[1 1 1 0 1 0 1 1 1 1 1 1 1 1 1 1 1 1 1 1 0 0 1 0 1 1 1 0 1 0 0 1 0 1 0 1 0
 1 0 0]"
27,0.9999927947062017,"[1 1 1 1 1 1 1 1 1 1 1 1 1 1 1 1 1 1 1 1 0 0 1 1 1 1 1 0 1 0 0 1 0 1 0 1 0
 1 1 0]"
27,0.5244556262195454,"[1 1 1 0 1 1 1 1 1 1 1 1 1 1 1 1 1 1 1 1 0 0 0 1 0 1 1 1 0 1 0 1 0 1 0 0 1
 1 1 0]"
27,0.9999921985182609,"[1 1 1 1 1 1 1 1 1 1 1 1 1 1 1 1 1 1 1 1 0 0 1 0 1 1 1 0 1 0 0 1 0 1 0 0 0
 1 1 0]"
27,0.518925310644677,"[1 1 1 0 1 1 1 1 1 0 1 1 1 1 1 0 1 1 0 1 1 0 0 0 1 0 0 1 1 0 0 1 0 0 0 1 0
 1 1 0]"
27,0.9999819170550759,"[1 1 1 1 1 1 1 1 1 1 1 1 1 1 1 1 1 1 1 0 0 0 0 1 1 0 1 0 1 0 0 1 0 1 0 1 1
 1 1 0]"
27,0.9902316334712584,"[1 1 1 1 1 1 1 1 1 0 1 1 1 1 1 1 1 0 1 1 0 0 1 0 1 1 1 0 1 0 0 1 0 1 0 0 0
 0 1 0]"
27,0.2630633064146752,"[1 1 0 1 1 1 1 1 1 1 1 1 1 1 1 1 1 0 1 1 1 0 1 1 1 0 0 0 1 0 0 0 0 0 0 0 0
 0 0 1]"
27,0.9999920491348151,"[1 1 1 1 1 1 1 1 1 1 1 1 1 1 1 1 1 1 1 1 0 0 1 0 1 0 1 0 1 0 0 1 0 0 0 1 1
 1 0 1]"
27,0.9999544220262234,"[1 1 1 1 1 1 1 1 1 1 1 1 1 1 1 1 1 0 1 1 0 0 1 1 1 0 0 0 1 0 0 0 0 0 0 0 0
 0 0 1]"
27,0.999991174443984,"[1 1 1 1 1 1 1 1 1 1 1 1 1 1 1 1 1 1 1 1 0 0 0 1 0 0 1 1 0 0 0 1 0 1 1 0 1
 1 1 1]"
27,0.9999920495804643,"[1 1 1 1 1 1 1 1 1 1 1 1 1 1 1 1 1 1 1 1 0 0 1 0 1 0 1 0 1 0 0 1 0 1 0 0 1
 1 1 0]"
27,0.9616095458412426,"[1 1 1 1 1 1 1 0 1 1 1 1 1 1 1 1 1 1 1 1 0 0 1 0 1 1 1 1 1 0 0 1 0 0 1 0 0
 1 1 0]"
27,0.8542829148416368,"[1 1 1 1 1 0 1 1 1 1 1 1 1 1 1 1 1 1 1 1 0 0 0 0 1 0 1 0 1 0 0 1 0 0 0 0 0
 0 1 1]"
27,0.9999716347866525,"[1 1 1 1 1 1 1 1 1 1 1 1 1 1 1 1 1 1 0 1 0 0 0 0 0 1 1 0 1 0 0 1 0 0 0 1 0
 0 1 1]"
27,0.720665077913403,"[1 1 1 1 0 1 1 1 1 0 1 1 1 1 1 1 1 1 1 1 0 0 1 0 1 1 1 0 1 0 0 1 0 1 0 0 0
 1 0 0]"
27,0.9975539355535686,"[1 1 1 1 1 1 1 1 1 1 1 0 1 1 1 1 1 1 1 1 0 0 1 1 1 0 1 0 1 0 0 1 0 0 0 1 1
 1 1 1]"
27,0.9998579483280164,"[1 1 1 1 1 1 1 1 1 1 1 1 1 1 1 1 0 0 0 1 0 0 0 1 1 0 1 0 1 0 0 1 0 1 0 1 1
 1 1 0]"
27,0.9975532670586849,"[1 1 1 1 1 1 1 1 1 1 1 0 1 1 1 1 1 1 1 1 0 0 1 0 1 0 0 0 1 0 0 1 0 1 0 1 1
 1 1 1]"
27,0.9999926453317706,"[1 1 1 1 1 1 1 1 1 1 1 1 1 1 1 1 1 1 1 1 0 0 1 1 1 0 1 0 1 0 0 1 0 0 1 0 1
 1 1 0]"
27,0.9999679526974108,"[1 1 1 1 1 1 1 1 1 1 1 1 1 1 1 1 1 1 0 0 1 0 1 0 0 0 1 1 1 0 1 1 1 0 0 1 0
 1 1 0]"
27,0.999382465855421,"[1 1 1 1 1 1 1 1 1 1 1 1 1 0 1 1 1 1 1 1 0 0 1 1 1 0 1 0 1 0 0 1 0 1 0 1 1
 1 1 0]"
27,0.9999528615348497,"[1 1 1 1 1 1 1 1 1 1 1 1 1 1 1 1 1 0 1 1 0 0 0 0 1 1 1 0 1 0 0 1 1 1 0 0 0
 0 0 0]"
27,0.924321952407954,"[1 1 1 1 1 1 0 1 1 1 1 1 1 1 1 0 0 1 0 0 1 0 1 0 0 0 0 1 1 1 0 0 1 0 1 1 0
 1 1 0]"
27,0.9998394728311489,"[1 1 1 1 1 1 1 1 1 1 1 1 1 1 1 0 1 1 1 1 0 0 1 0 1 0 1 0 1 0 0 1 0 0 0 1 1
 1 1 1]"
27,0.9961697926435212,"[1 1 1 1 1 1 1 1 1 1 1 0 0 1 1 0 1 1 0 1 1 0 1 0 1 1 1 0 0 0 0 0 0 0 1 0 0
 1 1 0]"
27,0.9951252504992346,"[1 1 1 1 1 1 1 1 1 1 0 1 1 1 1 1 1 1 1 1 1 0 1 1 1 0 0 0 1 0 0 0 0 0 0 0 0
 0 0 1]"
27,0.7206667424899081,"[1 1 1 1 0 1 1 1 1 0 1 1 1 1 1 1 1 1 1 1 0 1 1 0 1 0 1 0 1 0 0 1 0 1 0 1 0
 1 1 0]"
27,0.9806271542685985,"[1 1 1 1 1 1 1 1 0 1 1 1 1 1 1 1 1 1 1 0 1 0 1 0 1 1 1 0 0 0 1 0 0 1 1 1 1
 1 1 0]"
27,0.055944838376661844,"[1 0 1 1 1 1 1 1 1 1 0 1 1 1 1 1 1 0 1 1 1 0 0 1 1 1 0 0 1 0 0 0 0 0 0 0 0
 0 1 1]"
27,0.9938868456852898,"[1 1 1 1 1 1 1 1 1 1 0 1 0 1 1 1 1 1 0 1 0 0 1 1 1 0 0 0 0 0 0 1 0 1 0 1 1
 1 0 1]"
27,0.5244561110349824,"[1 1 1 0 1 1 1 1 1 1 1 1 1 1 1 1 1 1 1 1 0 0 1 0 1 1 1 0 1 0 0 1 1 0 0 0 0
 1 1 0]"
27,0.05344775894305302,"[1 0 1 1 1 1 1 0 1 1 1 1 1 1 1 1 1 1 1 1 0 0 1 0 1 1 1 1 1 0 0 1 0 1 1 0 0
 1 1 0]"
27,0.9999921798919403,"[1 1 1 1 1 1 1 1 1 1 1 1 1 1 1 1 1 1 1 1 0 0 1 0 1 1 1 0 0 0 0 1 0 1 0 0 0
 1 1 0]"
27,0.9998152983528172,"[1 1 1 1 1 1 1 1 1 1 1 1 1 1 1 0 1 1 0 0 1 0 1 0 0 0 0 1 1 0 0 0 1 0 1 0 0
 1 1 0]"
27,0.9990776591965168,"[1 1 1 1 1 1 1 1 1 1 1 1 1 0 0 1 1 1 1 1 0 0 1 1 1 1 1 0 1 1 0 1 0 0 0 1 1
 1 1 1]"
27,0.05629001932009296,"[1 0 1 1 1 1 1 1 1 1 1 1 1 1 0 1 1 1 1 1 0 0 1 0 1 1 1 0 1 0 0 1 0 1 0 0 0
 1 1 0]"
step,fitness,genome
28,0.0008896027614479125,"[0 1 1 1 1 1 1 0 1 1 0 0 1 1 1 1 1 1 0 1 0 0 0 0 0 1 1 0 1 0 0 1 0 1 0 1 0
 0 1 1]"
28,0.9993614664126285,"[1 1 1 1 1 1 1 1 1 1 1 1 1 0 1 1 1 1 0 1 0 0 0 0 0 1 1 0 1 0 0 1 0 0 0 1 0
 0 1 1]"
28,0.9999731248202567,"[1 1 1 1 1 1 1 1 1 1 1 1 1 1 1 1 1 1 0 1 0 0 1 0 1 1 1 0 1 0 0 1 0 0 0 0 1
 1 1 0]"
28,0.9990775012939197,"[1 1 1 1 1 1 1 1 1 1 1 1 1 0 0 1 1 1 1 1 0 0 1 1 1 0 1 0 1 0 0 1 0 0 1 1 1
 1 1 1]"
28,0.9999591920313596,"[1 1 1 1 1 1 1 1 1 1 1 1 1 1 1 1 1 0 1 1 1 0 1 1 1 0 0 0 1 0 0 0 1 1 0 0 1
 0 0 1]"
28,0.9998152983528172,"[1 1 1 1 1 1 1 1 1 1 1 1 1 1 1 0 1 1 0 0 1 0 1 0 0 0 0 1 1 0 0 0 1 0 1 0 0
 1 1 0]"
28,0.9999926450407343,"[1 1 1 1 1 1 1 1 1 1 1 1 1 1 1 1 1 1 1 1 0 0 1 1 1 0 1 0 1 0 0 1 0 0 0 0 1
 1 1 0]"
28,0.9999543506247257,"[1 1 1 1 1 1 1 1 1 1 1 1 1 1 1 1 1 0 1 1 0 0 1 1 0 1 1 0 1 0 0 1 0 1 0 1 0
 1 1 0]"
28,0.9999819217116129,"[1 1 1 1 1 1 1 1 1 1 1 1 1 1 1 1 1 1 1 0 0 0 0 1 1 0 1 0 1 0 1 1 0 1 0 1 1
 1 1 0]"
28,0.9612785558179937,"[1 1 1 1 1 1 1 0 1 1 1 1 1 1 0 1 1 0 1 1 0 0 1 1 1 0 1 0 1 0 0 1 0 1 0 1 1
 1 0 0]"
28,0.9902688545548253,"[1 1 1 1 1 1 1 1 1 0 1 1 1 1 1 1 1 1 1 1 0 0 0 1 1 1 1 0 1 0 0 1 0 0 1 0 1
 1 1 0]"
28,0.9999920491348151,"[1 1 1 1 1 1 1 1 1 1 1 1 1 1 1 1 1 1 1 1 0 0 1 0 1 0 1 0 1 0 0 1 0 0 0 1 1
 1 0 1]"
28,0.8542884663708765,"[1 1 1 1 1 0 1 1 1 1 1 1 1 1 1 1 1 1 1 1 1 0 1 1 0 1 1 0 0 1 0 0 0 1 1 1 0
 1 1 0]"
28,0.9999969475126002,"[1 1 1 1 1 1 1 1 1 1 1 1 1 1 1 1 1 1 1 1 1 0 1 0 1 1 1 0 0 0 0 0 1 1 1 1 0
 1 1 0]"
28,0.7206470228263245,"[1 1 1 1 0 1 1 1 1 0 1 1 1 1 1 1 1 1 0 0 1 0 1 0 0 0 1 1 1 0 1 1 1 0 0 1 0
 1 1 0]"
28,0.9902700364192372,"[1 1 1 1 1 1 1 1 1 0 1 1 1 1 1 1 1 1 1 1 0 0 1 1 1 1 1 0 1 0 0 1 0 1 0 0 0
 1 1 0]"
28,0.2568777556114776,"[1 1 0 1 1 1 1 1 0 1 1 1 0 1 1 1 0 1 1 1 0 0 1 0 1 1 1 0 0 0 1 1 0 1 0 0 0
 1 1 0]"
28,0.5244561107093568,"[1 1 1 0 1 1 1 1 1 1 1 1 1 1 1 1 1 1 1 1 0 0 1 0 1 1 1 0 1 0 0 1 0 1 0 0 0
 1 1 0]"
28,0.9243219187528957,"[1 1 1 1 1 1 0 1 1 1 1 1 1 1 1 0 0 1 0 0 1 0 1 0 0 0 0 0 1 1 0 1 0 0 1 1 0
 0 1 0]"
28,0.9993821680069677,"[1 1 1 1 1 1 1 1 1 1 1 1 1 0 1 1 1 1 1 1 0 0 1 1 0 0 1 0 1 0 0 1 0 1 0 1 1
 1 1 1]"
28,0.9999544220262234,"[1 1 1 1 1 1 1 1 1 1 1 1 1 1 1 1 1 0 1 1 0 0 1 1 1 0 0 0 1 0 0 0 0 0 0 0 0
 0 0 1]"
28,0.9999950299408936,"[1 1 1 1 1 1 1 1 1 1 1 1 1 1 1 1 1 1 1 1 0 1 1 1 1 0 1 0 1 0 0 1 0 1 0 1 1
 1 1 0]"
28,0.9998400694009162,"[1 1 1 1 1 1 1 1 1 1 1 1 1 1 1 0 1 1 1 1 0 0 1 1 1 0 1 0 1 0 0 1 0 1 1 0 0
 0 1 0]"
28,0.9999528610619326,"[1 1 1 1 1 1 1 1 1 1 1 1 1 1 1 1 1 0 1 1 0 0 0 0 1 1 1 0 1 0 0 1 1 0 0 0 1
 1 0 0]"
28,0.9902455551292182,"[1 1 1 1 1 1 1 1 1 0 1 1 1 1 1 1 1 1 0 0 1 0 1 0 0 1 1 1 1 0 0 1 1 0 0 1 0
 1 1 0]"
28,0.9999968019938572,"[1 1 1 1 1 1 1 1 1 1 1 1 1 1 1 1 1 1 1 1 1 0 1 0 1 0 1 0 0 0 1 0 0 1 1 1 0
 1 1 0]"
28,0.9616100833234849,"[1 1 1 1 1 1 1 0 1 1 1 1 1 1 1 1 1 1 1 1 0 0 1 1 1 1 1 0 1 0 0 0 0 1 0 0 0
 1 1 0]"
28,0.26305894081096437,"[1 1 0 1 1 1 1 1 1 1 1 1 1 1 1 1 1 0 1 0 0 0 1 1 0 0 1 0 1 0 1 1 0 1 0 1 0
 1 0 0]"
28,0.9999196518859884,"[1 1 1 1 1 1 1 1 1 1 1 1 1 1 1 1 0 1 1 1 1 0 0 1 0 0 1 1 0 0 0 1 0 1 1 1 1
 1 1 1]"
28,0.997542952329202,"[1 1 1 1 1 1 1 1 1 1 1 0 1 1 1 1 1 1 1 0 0 0 0 1 0 0 1 1 0 0 0 1 0 1 1 0 1
 1 1 0]"
28,0.2627982361375369,"[1 1 0 1 1 1 1 1 1 1 1 1 1 0 0 1 1 1 1 1 0 0 1 1 1 0 1 0 1 0 0 1 0 0 1 0 1
 1 1 0]"
28,0.9616100857116711,"[1 1 1 1 1 1 1 0 1 1 1 1 1 1 1 1 1 1 1 1 0 0 1 1 1 1 1 0 1 0 0 1 0 1 0 1 0
 1 1 0]"
28,0.9999921985182609,"[1 1 1 1 1 1 1 1 1 1 1 1 1 1 1 1 1 1 1 1 0 0 1 0 1 1 1 0 1 0 0 1 0 1 0 0 0
 1 1 0]"
28,0.9896650504702849,"[1 1 1 1 1 1 1 1 1 0 1 1 1 0 1 1 1 1 1 1 0 0 1 1 1 0 1 0 1 0 0 1 0 0 0 0 1
 1 1 0]"
28,0.9999591914856829,"[1 1 1 1 1 1 1 1 1 1 1 1 1 1 1 1 1 0 1 1 1 0 1 1 1 0 0 0 1 0 0 0 1 0 0 0 1
 1 0 1]"
28,0.9999951603254785,"[1 1 1 1 1 1 1 1 1 1 1 1 1 1 1 1 1 1 1 1 0 1 1 1 1 1 1 0 0 0 0 1 0 1 0 1 1
 1 1 0]"
28,0.7279700562293254,"[1 1 1 1 0 1 1 1 1 1 1 1 1 1 1 1 1 1 1 1 0 0 1 0 0 1 1 0 0 0 0 1 0 1 0 0 0
 1 1 0]"
28,0.8542861485985179,"[1 1 1 1 1 0 1 1 1 1 1 1 1 1 1 1 1 1 1 1 0 1 1 0 1 1 1 0 1 0 0 1 0 1 1 0 0
 1 1 0]"
28,0.9998868956754207,"[1 1 1 1 1 1 1 1 1 1 1 1 1 1 1 1 0 1 0 0 0 0 1 0 0 0 1 1 1 0 1 1 1 0 0 1 0
 1 1 0]"
28,0.2630701397413495,"[1 1 0 1 1 1 1 1 1 1 1 1 1 1 1 1 1 1 1 0 0 0 0 1 1 0 1 0 1 0 0 1 1 1 0 1 1
 1 1 0]"
28,0.9999969463484502,"[1 1 1 1 1 1 1 1 1 1 1 1 1 1 1 1 1 1 1 1 1 0 1 0 1 1 1 0 0 0 0 0 0 1 1 1 0
 1 1 0]"
28,0.7272830644185218,"[1 1 1 1 0 1 1 1 1 1 1 1 1 0 0 1 1 1 1 1 0 0 1 1 1 1 1 0 1 1 0 1 0 0 0 1 1
 1 1 1]"
28,0.9999969486767502,"[1 1 1 1 1 1 1 1 1 1 1 1 1 1 1 1 1 1 1 1 1 0 1 0 1 1 1 0 0 0 0 1 0 1 1 1 0
 1 1 0]"
28,0.9999353494859972,"[1 1 1 1 1 1 1 1 1 1 1 1 1 1 1 1 1 0 0 1 0 0 1 1 1 0 0 0 1 0 0 0 0 0 0 0 0
 0 0 1]"
28,0.8374781757739387,"[1 1 1 1 1 0 1 1 0 1 1 1 1 1 1 1 1 1 1 0 0 1 1 0 0 1 1 0 1 0 0 1 0 1 0 0 0
 1 1 0]"
28,0.72797018581014,"[1 1 1 1 0 1 1 1 1 1 1 1 1 1 1 1 1 1 1 1 0 0 1 0 1 0 1 0 1 0 1 1 0 1 0 1 0
 1 1 0]"
28,0.056312156960738144,"[1 0 1 1 1 1 1 1 1 1 1 1 1 1 1 1 1 1 1 0 0 0 0 1 1 0 1 0 1 0 0 1 0 1 0 1 1
 1 1 0]"
28,0.9951200423812088,"[1 1 1 1 1 1 1 1 1 1 0 1 1 1 1 1 1 1 1 1 0 0 1 0 1 1 0 0 0 0 0 1 0 1 0 0 0
 1 0 1]"
28,0.9999911649762194,"[1 1 1 1 1 1 1 1 1 1 1 1 1 1 1 1 1 1 1 1 0 0 0 1 0 0 1 0 1 1 0 1 0 1 0 1 1
 1 1 0]"
28,0.9902316334712584,"[1 1 1 1 1 1 1 1 1 0 1 1 1 1 1 1 1 0 1 1 0 0 1 0 1 1 1 0 1 0 0 1 0 1 0 0 0
 0 1 0]"
step,fitness,genome
29,0.054749257452638325,"[1 0 1 1 1 1 1 1 0 1 1 1 0 1 0 1 1 0 1 1 1 0 1 0 1 1 1 0 0 0 0 0 0 1 1 1 0
 1 1 0]"
29,0.9245623116774382,"[1 1 1 1 1 1 0 1 1 1 1 1 1 1 1 1 1 1 1 1 1 0 1 0 1 1 1 0 1 0 0 1 1 1 1 1 0
 1 1 0]"
29,0.9999568061167724,"[1 1 1 1 1 1 1 1 1 1 1 1 1 1 1 1 1 0 1 1 0 1 1 1 1 0 0 0 1 0 0 0 0 0 0 0 0
 0 0 1]"
29,0.9999731259843817,"[1 1 1 1 1 1 1 1 1 1 1 1 1 1 1 1 1 1 0 1 0 0 1 0 1 1 1 0 1 0 0 1 1 0 0 0 1
 1 1 0]"
29,0.9999951603072887,"[1 1 1 1 1 1 1 1 1 1 1 1 1 1 1 1 1 1 1 1 0 1 1 1 1 1 1 0 0 0 0 1 0 1 0 1 1
 1 0 0]"
29,0.5244587670866804,"[1 1 1 0 1 1 1 1 1 1 1 1 1 1 1 1 1 1 1 1 1 0 1 0 1 1 1 0 0 0 0 0 1 0 1 1 0
 1 1 0]"
29,0.9999496556066234,"[1 1 1 1 1 1 1 1 1 1 1 1 1 1 1 1 1 0 1 0 1 0 1 1 1 0 0 0 1 0 0 0 1 1 0 0 0
 0 0 1]"
29,0.9998825122203443,"[1 1 1 1 1 1 1 1 1 1 1 1 1 1 1 1 0 0 1 1 1 0 1 0 1 1 1 0 0 0 0 0 1 0 1 1 0
 1 1 0]"
29,0.9999828250619895,"[1 1 1 1 1 1 1 1 1 1 1 1 1 1 1 1 1 1 1 0 0 0 1 1 0 0 1 0 1 1 1 1 0 1 0 1 1
 1 0 0]"
29,0.9999968764994512,"[1 1 1 1 1 1 1 1 1 1 1 1 1 1 1 1 1 1 1 1 1 0 1 0 1 1 0 0 0 0 1 0 0 1 1 1 0
 1 1 0]"
29,0.9999975423934196,"[1 1 1 1 1 1 1 1 1 1 1 1 1 1 1 1 1 1 1 1 1 0 1 1 1 1 1 0 0 0 0 0 0 1 1 1 0
 1 1 0]"
29,0.9999926450407343,"[1 1 1 1 1 1 1 1 1 1 1 1 1 1 1 1 1 1 1 1 0 0 1 1 1 0 1 0 1 0 0 1 0 0 0 0 1
 1 1 0]"
29,0.05631285116037394,"[1 0 1 1 1 1 1 1 1 1 1 1 1 1 1 1 1 1 1 1 0 0 0 1 0 0 1 0 1 1 0 0 0 1 0 1 1
 1 1 0]"
29,0.5244577676162702,"[1 1 1 0 1 1 1 1 1 1 1 1 1 1 1 1 1 1 1 1 0 1 1 1 1 1 1 0 0 0 0 1 0 1 0 1 1
 1 1 0]"
29,0.9993434448797266,"[1 1 1 1 1 1 1 1 1 1 1 1 1 0 1 1 1 0 1 1 0 0 1 0 0 0 1 0 1 0 0 0 0 1 0 1 1
 1 1 1]"
29,0.9999737207887842,"[1 1 1 1 1 1 1 1 1 1 1 1 1 1 1 1 1 1 0 1 0 0 1 1 1 1 1 0 1 0 0 1 0 0 0 0 0
 1 1 1]"
29,0.9999973382578041,"[1 1 1 1 1 1 1 1 1 1 1 1 1 1 1 1 1 1 1 1 1 0 1 1 1 0 0 0 1 0 0 0 1 1 0 0 1
 0 0 1]"
29,0.9245227369642514,"[1 1 1 1 1 1 0 1 1 1 1 1 1 1 1 1 1 0 1 1 0 0 1 1 1 0 1 0 1 0 0 1 0 0 1 0 1
 1 1 0]"
29,0.8542866496475581,"[1 1 1 1 1 0 1 1 1 1 1 1 1 1 1 1 1 1 1 1 0 1 1 1 1 1 1 0 0 0 0 1 0 1 0 1 1
 1 1 0]"
29,0.9999850518639124,"[1 1 1 1 1 1 1 1 1 1 1 1 1 1 1 1 1 1 1 0 0 1 1 0 1 1 1 0 1 0 1 1 1 1 0 0 0
 1 1 1]"
29,0.9999969463484502,"[1 1 1 1 1 1 1 1 1 1 1 1 1 1 1 1 1 1 1 1 1 0 1 0 1 1 1 0 0 0 0 0 0 1 1 1 0
 1 1 0]"
29,0.5241147674511956,"[1 1 1 0 1 1 1 1 1 1 1 1 1 0 1 1 1 1 1 1 0 0 1 0 1 1 1 0 1 0 0 1 0 0 0 1 1
 1 0 1]"
29,0.9999968014117823,"[1 1 1 1 1 1 1 1 1 1 1 1 1 1 1 1 1 1 1 1 1 0 1 0 1 0 1 0 0 0 1 0 0 0 1 1 0
 1 1 0]"
29,0.9999950299408936,"[1 1 1 1 1 1 1 1 1 1 1 1 1 1 1 1 1 1 1 1 0 1 1 1 1 0 1 0 1 0 0 1 0 1 0 1 1
 1 1 0]"
29,0.998732880034179,"[1 1 1 1 1 1 1 1 1 1 1 1 0 1 1 1 1 0 1 1 0 0 0 0 1 1 1 0 1 0 0 1 1 0 0 0 1
 1 0 0]"
29,0.9951200435402479,"[1 1 1 1 1 1 1 1 1 1 0 1 1 1 1 1 1 1 1 1 0 0 1 0 1 1 0 0 0 0 0 1 1 1 0 0 0
 1 0 1]"
29,0.9902741726301251,"[1 1 1 1 1 1 1 1 1 0 1 1 1 1 1 1 1 1 1 1 1 0 1 0 1 1 1 0 1 0 0 1 0 1 1 1 0
 1 1 0]"
29,0.9998400694009162,"[1 1 1 1 1 1 1 1 1 1 1 1 1 1 1 0 1 1 1 1 0 0 1 1 1 0 1 0 1 0 0 1 0 1 1 0 0
 0 1 0]"
29,0.85401914135468,"[1 1 1 1 1 0 1 1 1 1 1 1 1 1 0 1 1 1 1 1 0 0 1 0 1 0 1 0 1 0 0 1 0 0 0 1 1
 1 0 1]"
29,0.8542839361560262,"[1 1 1 1 1 0 1 1 1 1 1 1 1 1 1 1 1 1 1 1 0 0 1 0 1 0 1 0 0 0 1 0 0 1 1 1 0
 1 1 0]"
29,0.9999968019938572,"[1 1 1 1 1 1 1 1 1 1 1 1 1 1 1 1 1 1 1 1 1 0 1 0 1 0 1 0 0 0 1 0 0 1 1 1 0
 1 1 0]"
29,0.9999544220262234,"[1 1 1 1 1 1 1 1 1 1 1 1 1 1 1 1 1 0 1 1 0 0 1 1 1 0 0 0 1 0 0 0 0 0 0 0 0
 0 0 1]"
29,0.9999969463484502,"[1 1 1 1 1 1 1 1 1 1 1 1 1 1 1 1 1 1 1 1 1 0 1 0 1 1 1 0 0 0 0 0 0 1 1 1 0
 1 1 0]"
29,0.9999975435575703,"[1 1 1 1 1 1 1 1 1 1 1 1 1 1 1 1 1 1 1 1 1 0 1 1 1 1 1 0 0 0 0 0 1 1 1 1 0
 1 1 0]"
29,0.9614650740079772,"[1 1 1 1 1 1 1 0 1 1 1 1 1 1 1 0 1 1 1 1 0 1 1 1 1 1 1 0 0 0 0 1 0 1 1 1 1
 1 1 1]"
29,0.9993056206672172,"[1 1 1 1 1 1 1 1 1 1 1 1 1 0 1 1 0 1 1 1 0 0 1 0 1 0 1 0 1 0 0 1 0 0 0 1 1
 1 0 1]"
29,0.5244586873080793,"[1 1 1 0 1 1 1 1 1 1 1 1 1 1 1 1 1 1 1 1 1 0 1 0 1 0 1 0 0 0 1 1 0 1 1 1 0
 1 1 0]"
29,0.5242747470256326,"[1 1 1 0 1 1 1 1 1 1 1 1 1 1 0 1 1 1 0 1 0 0 1 0 1 1 1 0 1 0 0 1 0 0 0 0 1
 1 1 0]"
29,0.9999950299408936,"[1 1 1 1 1 1 1 1 1 1 1 1 1 1 1 1 1 1 1 1 0 1 1 1 1 0 1 0 1 0 0 1 0 1 0 1 1
 1 1 0]"
29,0.4977736414415527,"[1 1 1 0 1 1 1 0 1 0 1 1 1 1 1 1 1 1 1 1 0 1 1 1 1 1 1 0 0 0 0 1 0 1 0 1 1
 1 1 0]"
29,0.9999968762084137,"[1 1 1 1 1 1 1 1 1 1 1 1 1 1 1 1 1 1 1 1 1 0 1 0 1 1 0 0 0 0 1 0 0 1 0 1 0
 1 1 0]"
29,0.9999528703747632,"[1 1 1 1 1 1 1 1 1 1 1 1 1 1 1 1 1 0 1 1 0 0 0 0 1 1 1 0 1 1 0 1 1 0 0 0 1
 1 0 0]"
29,0.9993252010393112,"[1 1 1 1 1 1 1 1 1 1 1 1 1 0 1 1 1 0 0 1 0 0 1 1 1 0 0 0 1 0 0 0 0 0 0 0 0
 0 0 1]"
29,0.9616169727712105,"[1 1 1 1 1 1 1 0 1 1 1 1 1 1 1 1 1 1 1 1 1 1 1 1 1 1 1 0 0 0 0 1 0 1 0 1 1
 1 1 0]"
29,0.9999402677944191,"[1 1 1 1 1 1 1 1 1 1 1 1 1 1 1 1 1 0 0 1 1 0 1 1 1 1 0 0 1 0 0 0 1 0 0 0 0
 1 0 1]"
29,0.999987262481478,"[1 1 1 1 1 1 1 1 1 1 1 1 1 1 1 1 1 1 1 0 1 0 1 0 1 0 1 0 0 0 0 1 0 0 1 1 1
 1 1 0]"
29,0.72748312425278,"[1 1 1 1 0 1 1 1 1 1 1 1 1 0 1 1 1 0 1 1 0 0 1 0 1 1 1 0 1 0 0 1 0 1 0 0 0
 1 1 0]"
29,0.5237762788120248,"[1 1 1 0 1 1 1 1 1 1 1 1 0 1 1 1 1 1 1 1 1 0 1 0 1 1 1 0 0 0 0 1 0 1 1 1 0
 1 1 0]"
29,0.0009764797094134293,"[0 1 1 1 1 1 1 1 1 1 1 1 1 1 1 1 1 0 1 1 1 0 0 0 1 1 1 0 0 0 0 1 0 1 1 1 0
 1 1 0]"
29,0.9999969475126002,"[1 1 1 1 1 1 1 1 1 1 1 1 1 1 1 1 1 1 1 1 1 0 1 0 1 1 1 0 0 0 0 0 1 1 1 1 0
 1 1 0]"
