step,fitness,genome
0,0.025156614061256403,"[1 0 1 1 0 0 0 1 0 0 1 0 0 0 1 0 1 0 1 0 0 1 0 0 1 1 0 0 1 1 1 0 1 0 1 0 1
 0 0 0]"
0,0.5560976986687062,"[1 1 1 1 0 0 0 1 0 1 1 0 1 0 0 0 1 1 1 0 1 1 1 1 0 0 1 0 1 0 1 1 0 0 0 0 0
 0 0 1]"
0,0.008064029419779966,"[1 0 0 1 1 1 1 0 0 0 0 1 0 1 1 0 0 0 1 0 1 1 1 0 0 0 1 1 0 0 1 0 1 1 0 0 0
 1 1 0]"
0,0.09105061873141948,"[1 1 0 0 1 0 0 1 0 1 1 1 0 0 1 1 0 1 0 1 0 0 0 1 0 0 0 1 1 0 1 0 1 1 0 0 0
 0 1 0]"
0,0.023482380833549782,"[1 0 1 0 1 1 1 1 1 1 1 0 1 0 1 1 0 1 1 0 1 0 0 1 1 0 0 0 1 1 1 0 0 1 0 0 0
 1 0 0]"
0,0.14244371955359614,"[1 1 0 1 0 0 1 0 1 0 1 0 1 0 1 1 1 0 1 1 1 0 0 0 0 0 0 0 0 0 0 1 0 0 1 1 0
 0 1 1]"
0,0.5722162876902178,"[1 1 1 1 0 0 1 0 0 0 0 1 1 0 0 1 1 1 0 0 0 1 0 1 0 1 0 1 1 0 0 0 1 0 0 0 1
 1 0 1]"
0,0.05171934848046675,"[1 0 1 1 1 1 1 0 0 1 0 1 1 1 1 1 0 1 1 1 1 0 1 0 1 0 0 0 0 1 0 0 0 0 0 1 1
 1 0 1]"
0,0.4018558808435111,"[1 1 1 0 1 0 0 1 1 0 1 1 0 0 0 1 1 0 0 1 0 1 1 0 0 0 0 1 0 1 1 1 1 0 1 0 1
 1 0 0]"
0,0.8611017471634532,"[1 1 1 1 1 1 0 0 0 0 1 1 0 0 1 1 0 0 1 1 1 1 1 1 1 1 0 0 0 0 1 1 0 1 1 0 1
 1 0 1]"
0,0.09105061873141948,"[1 1 0 0 1 0 0 1 0 1 1 1 0 0 1 1 0 1 0 1 0 0 0 1 0 0 0 1 1 0 1 0 1 1 0 0 0
 0 1 0]"
0,0.008155294542855695,"[1 0 0 1 1 1 1 0 0 1 0 0 0 0 1 1 1 1 0 0 0 0 0 0 0 1 0 0 1 1 1 1 1 0 1 1 1
 0 0 0]"
0,0.1670280078869898,"[1 1 0 1 0 1 1 0 0 0 0 0 1 1 0 1 0 1 0 0 0 0 1 1 0 0 1 0 0 0 0 0 0 1 1 1 0
 0 0 1]"
0,0.14244371955359614,"[1 1 0 1 0 0 1 0 1 0 1 0 1 0 1 1 1 0 1 1 1 0 0 0 0 0 0 0 0 0 0 1 0 0 1 1 0
 0 1 1]"
0,0.5722162876902178,"[1 1 1 1 0 0 1 0 0 0 0 1 1 0 0 1 1 1 0 0 0 1 0 1 0 1 0 1 1 0 0 0 1 0 0 0 1
 1 0 1]"
0,0.5560976986687062,"[1 1 1 1 0 0 0 1 0 1 1 0 1 0 0 0 1 1 1 0 1 1 1 1 0 0 1 0 1 0 1 1 0 0 0 0 0
 0 0 1]"
0,0.8611017471634532,"[1 1 1 1 1 1 0 0 0 0 1 1 0 0 1 1 0 0 1 1 1 1 1 1 1 1 0 0 0 0 1 1 0 1 1 0 1
 1 0 1]"
0,0.5722162876902178,"[1 1 1 1 0 0 1 0 0 0 0 1 1 0 0 1 1 1 0 0 0 1 0 1 0 1 0 1 1 0 0 0 1 0 0 0 1
 1 0 1]"
0,0.14244371955359614,"[1 1 0 1 0 0 1 0 1 0 1 0 1 0 1 1 1 0 1 1 1 0 0 0 0 0 0 0 0 0 0 1 0 0 1 1 0
 0 1 1]"
0,0.025156614061256403,"[1 0 1 1 0 0 0 1 0 0 1 0 0 0 1 0 1 0 1 0 0 1 0 0 1 1 0 0 1 1 1 0 1 0 1 0 1
 0 0 0]"
0,0.5613700212327517,"[1 1 1 1 0 0 0 1 1 0 1 0 0 0 1 1 0 1 0 0 0 1 1 1 0 1 0 1 1 1 1 0 0 1 0 0 1
 1 1 1]"
0,0.05171934848046675,"[1 0 1 1 1 1 1 0 0 1 0 1 1 1 1 1 0 1 1 1 1 0 1 0 1 0 0 0 0 1 0 0 0 0 0 1 1
 1 0 1]"
0,0.10894109358815914,"[1 1 0 0 1 1 0 1 0 0 0 1 1 0 0 0 1 1 0 0 1 1 1 1 1 0 1 1 1 1 1 0 1 1 0 0 1
 0 1 1]"
0,0.5296482518208947,"[1 1 1 1 0 0 0 0 0 0 1 1 1 1 0 0 1 0 0 0 0 0 0 1 0 1 1 0 0 0 1 1 1 0 1 1 1
 0 0 1]"
0,0.9546966718680808,"[1 1 1 1 1 1 1 0 1 1 0 1 0 0 0 0 1 1 0 1 1 1 1 0 0 0 1 0 0 1 1 0 1 1 0 1 1
 0 0 1]"
0,0.05171934848046675,"[1 0 1 1 1 1 1 0 0 1 0 1 1 1 1 1 0 1 1 1 1 0 1 0 1 0 0 0 0 1 0 0 0 0 0 1 1
 1 0 1]"
0,0.13748588028612524,"[1 1 0 1 0 0 0 1 1 1 1 0 1 1 0 0 1 1 1 1 1 1 1 1 1 1 1 0 1 0 0 0 0 0 1 1 1
 0 1 1]"
0,0.014468738378111863,"[1 0 1 0 0 1 1 1 1 0 0 1 1 0 1 0 0 1 1 1 1 1 0 1 1 0 1 0 1 0 0 1 1 1 0 1 0
 1 0 1]"
0,0.5296482518208947,"[1 1 1 1 0 0 0 0 0 0 1 1 1 1 0 0 1 0 0 0 0 0 0 1 0 1 1 0 0 0 1 1 1 0 1 1 1
 0 0 1]"
0,0.3516953005361577,"[1 1 1 0 0 1 1 0 1 0 0 1 1 0 0 1 0 0 1 1 1 1 0 0 0 1 0 0 1 1 0 1 0 1 0 1 1
 1 0 1]"
0,0.9546966718680808,"[1 1 1 1 1 1 1 0 1 1 0 1 0 0 0 0 1 1 0 1 1 1 1 0 0 0 1 0 0 1 1 0 1 1 0 1 1
 0 0 1]"
0,0.025156614061256403,"[1 0 1 1 0 0 0 1 0 0 1 0 0 0 1 0 1 0 1 0 0 1 0 0 1 1 0 0 1 1 1 0 1 0 1 0 1
 0 0 0]"
0,0.8048919836285993,"[1 1 1 1 1 0 1 0 1 0 0 0 0 0 0 0 1 1 1 0 0 0 1 0 1 0 1 0 0 0 0 1 0 1 0 1 1
 1 1 1]"
0,0.5296482518208947,"[1 1 1 1 0 0 0 0 0 0 1 1 1 1 0 0 1 0 0 0 0 0 0 1 0 1 1 0 0 0 1 1 1 0 1 1 1
 0 0 1]"
0,0.025696780357722833,"[1 0 1 1 0 0 0 1 1 0 0 0 0 0 1 1 0 0 0 1 0 1 0 1 1 0 1 0 0 0 0 1 0 1 1 0 0
 0 0 1]"
0,0.5722162876902178,"[1 1 1 1 0 0 1 0 0 0 0 1 1 0 0 1 1 1 0 0 0 1 0 1 0 1 0 1 1 0 0 0 1 0 0 0 1
 1 0 1]"
0,0.10894109358815914,"[1 1 0 0 1 1 0 1 0 0 0 1 1 0 0 0 1 1 0 0 1 1 1 1 1 0 1 1 1 1 1 0 1 1 0 0 1
 0 1 1]"
0,0.025156614061256403,"[1 0 1 1 0 0 0 1 0 0 1 0 0 0 1 0 1 0 1 0 0 1 0 0 1 1 0 0 1 1 1 0 1 0 1 0 1
 0 0 0]"
0,0.025696780357722833,"[1 0 1 1 0 0 0 1 1 0 0 0 0 0 1 1 0 0 0 1 0 1 0 1 1 0 1 0 0 0 0 1 0 1 1 0 0
 0 0 1]"
0,0.5560976986687062,"[1 1 1 1 0 0 0 1 0 1 1 0 1 0 0 0 1 1 1 0 1 1 1 1 0 0 1 0 1 0 1 1 0 0 0 0 0
 0 0 1]"
0,0.36219308997779953,"[1 1 1 0 0 1 1 1 0 1 0 0 0 1 1 1 0 0 0 1 1 1 1 1 0 0 0 1 0 1 0 0 1 1 1 1 1
 1 1 1]"
0,0.5613700212327517,"[1 1 1 1 0 0 0 1 1 0 1 0 0 0 1 1 0 1 0 0 0 1 1 1 0 1 0 1 1 1 1 0 0 1 0 0 1
 1 1 1]"
0,0.5722162876902178,"[1 1 1 1 0 0 1 0 0 0 0 1 1 0 0 1 1 1 0 0 0 1 0 1 0 1 0 1 1 0 0 0 1 0 0 0 1
 1 0 1]"
0,0.25012820085574106,"[1 1 0 1 1 1 1 0 1 1 0 1 1 1 1 1 0 1 0 1 0 0 1 1 1 0 1 0 0 0 1 1 0 0 1 0 0
 0 0 1]"
0,0.009304352704860887,"[1 0 1 0 0 0 0 0 0 1 0 1 1 1 0 1 0 1 0 1 1 0 0 0 0 1 0 0 0 1 1 0 1 1 0 0 0
 0 1 0]"
0,0.8611017471634532,"[1 1 1 1 1 1 0 0 0 0 1 1 0 0 1 1 0 0 1 1 1 1 1 1 1 1 0 0 0 0 1 1 0 1 1 0 1
 1 0 1]"
0,0.36219308997779953,"[1 1 1 0 0 1 1 1 0 1 0 0 0 1 1 1 0 0 0 1 1 1 1 1 0 0 0 1 0 1 0 0 1 1 1 1 1
 1 1 1]"
0,0.4018558808435111,"[1 1 1 0 1 0 0 1 1 0 1 1 0 0 0 1 1 0 0 1 0 1 1 0 0 0 0 1 0 1 1 1 1 0 1 0 1
 1 0 0]"
0,0.15659759345423893,"[1 1 0 1 0 1 0 0 1 0 1 0 1 1 0 1 0 0 0 0 1 1 1 0 0 0 0 0 0 1 0 1 0 0 0 1 0
 1 0 0]"
0,0.1670280078869898,"[1 1 0 1 0 1 1 0 0 0 0 0 1 1 0 1 0 1 0 0 0 0 1 1 0 0 1 0 0 0 0 0 0 1 1 1 0
 0 0 1]"
0,0.01930805406329597,"[1 0 1 0 1 1 0 0 1 0 0 0 0 0 1 0 1 0 0 0 0 0 1 1 0 1 1 0 0 1 1 1 1 0 1 0 1
 1 0 1]"
0,0.01930805406329597,"[1 0 1 0 1 1 0 0 1 0 0 0 0 0 1 0 1 0 0 0 0 0 1 1 0 1 1 0 0 1 1 1 1 0 1 0 1
 1 0 1]"
0,0.8048919836285993,"[1 1 1 1 1 0 1 0 1 0 0 0 0 0 0 0 1 1 1 0 0 0 1 0 1 0 1 0 0 0 0 1 0 1 0 1 1
 1 1 1]"
0,0.018615216139183204,"[1 0 1 0 1 0 1 1 1 1 1 0 0 0 0 1 0 1 1 0 1 1 0 0 1 0 1 1 1 0 1 1 1 1 1 0 1
 1 0 1]"
0,0.9546966718680808,"[1 1 1 1 1 1 1 0 1 1 0 1 0 0 0 0 1 1 0 1 1 1 1 0 0 0 1 0 0 1 1 0 1 1 0 1 1
 0 0 1]"
0,0.5613700212327517,"[1 1 1 1 0 0 0 1 1 0 1 0 0 0 1 1 0 1 0 0 0 1 1 1 0 1 0 1 1 1 1 0 0 1 0 0 1
 1 1 1]"
0,0.07345492356449498,"[1 1 0 0 0 1 0 1 0 0 1 0 1 0 1 1 1 0 1 0 1 0 0 1 0 1 1 0 1 0 1 1 0 0 1 1 1
 0 0 1]"
0,0.8611017471634532,"[1 1 1 1 1 1 0 0 0 0 1 1 0 0 1 1 0 0 1 1 1 1 1 1 1 1 0 0 0 0 1 1 0 1 1 0 1
 1 0 1]"
0,0.15659759345423893,"[1 1 0 1 0 1 0 0 1 0 1 0 1 1 0 1 0 0 0 0 1 1 1 0 0 0 0 0 0 1 0 1 0 0 0 1 0
 1 0 0]"
0,0.25012820085574106,"[1 1 0 1 1 1 1 0 1 1 0 1 1 1 1 1 0 1 0 1 0 0 1 1 1 0 1 0 0 0 1 1 0 0 1 0 0
 0 0 1]"
0,0.1670280078869898,"[1 1 0 1 0 1 1 0 0 0 0 0 1 1 0 1 0 1 0 0 0 0 1 1 0 0 1 0 0 0 0 0 0 1 1 1 0
 0 0 1]"
0,0.5613700212327517,"[1 1 1 1 0 0 0 1 1 0 1 0 0 0 1 1 0 1 0 0 0 1 1 1 0 1 0 1 1 1 1 0 0 1 0 0 1
 1 1 1]"
0,0.25012820085574106,"[1 1 0 1 1 1 1 0 1 1 0 1 1 1 1 1 0 1 0 1 0 0 1 1 1 0 1 0 0 0 1 1 0 0 1 0 0
 0 0 1]"
0,0.023482380833549782,"[1 0 1 0 1 1 1 1 1 1 1 0 1 0 1 1 0 1 1 0 1 0 0 1 1 0 0 0 1 1 1 0 0 1 0 0 0
 1 0 0]"
0,0.11029748229976039,"[1 1 0 0 1 1 0 1 0 1 0 1 1 0 0 1 1 1 0 1 0 0 0 1 1 1 1 0 1 1 1 1 1 1 1 0 0
 0 0 1]"
0,0.008155294542855695,"[1 0 0 1 1 1 1 0 0 1 0 0 0 0 1 1 1 1 0 0 0 0 0 0 0 1 0 0 1 1 1 1 1 0 1 1 1
 0 0 0]"
0,0.1670280078869898,"[1 1 0 1 0 1 1 0 0 0 0 0 1 1 0 1 0 1 0 0 0 0 1 1 0 0 1 0 0 0 0 0 0 1 1 1 0
 0 0 1]"
0,0.9546966718680808,"[1 1 1 1 1 1 1 0 1 1 0 1 0 0 0 0 1 1 0 1 1 1 1 0 0 0 1 0 0 1 1 0 1 1 0 1 1
 0 0 1]"
0,0.9546966718680808,"[1 1 1 1 1 1 1 0 1 1 0 1 0 0 0 0 1 1 0 1 1 1 1 0 0 0 1 0 0 1 1 0 1 1 0 1 1
 0 0 1]"
0,0.005264665096254669,"[1 0 0 1 0 1 1 1 0 1 1 1 1 1 0 0 1 1 0 1 0 0 1 0 0 1 0 1 0 0 1 1 1 0 1 0 1
 0 1 1]"
0,0.25012820085574106,"[1 1 0 1 1 1 1 0 1 1 0 1 1 1 1 1 0 1 0 1 0 0 1 1 1 0 1 0 0 0 1 1 0 0 1 0 0
 0 0 1]"
0,0.8611017471634532,"[1 1 1 1 1 1 0 0 0 0 1 1 0 0 1 1 0 0 1 1 1 1 1 1 1 1 0 0 0 0 1 1 0 1 1 0 1
 1 0 1]"
0,0.25012820085574106,"[1 1 0 1 1 1 1 0 1 1 0 1 1 1 1 1 0 1 0 1 0 0 1 1 1 0 1 0 0 0 1 1 0 0 1 0 0
 0 0 1]"
0,0.4018558808435111,"[1 1 1 0 1 0 0 1 1 0 1 1 0 0 0 1 1 0 0 1 0 1 1 0 0 0 0 1 0 1 1 1 1 0 1 0 1
 1 0 0]"
0,0.3516953005361577,"[1 1 1 0 0 1 1 0 1 0 0 1 1 0 0 1 0 0 1 1 1 1 0 0 0 1 0 0 1 1 0 1 0 1 0 1 1
 1 0 1]"
step,fitness,genome
1,0.8611017471634532,"[1 1 1 1 1 1 0 0 0 0 1 1 0 0 1 1 0 0 1 1 1 1 1 1 1 1 0 0 0 0 1 1 0 1 1 0 1
 1 0 1]"
1,0.5613700212327517,"[1 1 1 1 0 0 0 1 1 0 1 0 0 0 1 1 0 1 0 0 0 1 1 1 0 1 0 1 1 1 1 0 0 1 0 0 1
 1 1 1]"
1,0.14244371955359614,"[1 1 0 1 0 0 1 0 1 0 1 0 1 0 1 1 1 0 1 1 1 0 0 0 0 0 0 0 0 0 0 1 0 0 1 1 0
 0 1 1]"
1,0.9546966718680808,"[1 1 1 1 1 1 1 0 1 1 0 1 0 0 0 0 1 1 0 1 1 1 1 0 0 0 1 0 0 1 1 0 1 1 0 1 1
 0 0 1]"
1,0.5613700212327517,"[1 1 1 1 0 0 0 1 1 0 1 0 0 0 1 1 0 1 0 0 0 1 1 1 0 1 0 1 1 1 1 0 0 1 0 0 1
 1 1 1]"
1,0.8611017471634532,"[1 1 1 1 1 1 0 0 0 0 1 1 0 0 1 1 0 0 1 1 1 1 1 1 1 1 0 0 0 0 1 1 0 1 1 0 1
 1 0 1]"
1,0.5560976986687062,"[1 1 1 1 0 0 0 1 0 1 1 0 1 0 0 0 1 1 1 0 1 1 1 1 0 0 1 0 1 0 1 1 0 0 0 0 0
 0 0 1]"
1,0.5613700212327517,"[1 1 1 1 0 0 0 1 1 0 1 0 0 0 1 1 0 1 0 0 0 1 1 1 0 1 0 1 1 1 1 0 0 1 0 0 1
 1 1 1]"
1,0.5722162876902178,"[1 1 1 1 0 0 1 0 0 0 0 1 1 0 0 1 1 1 0 0 0 1 0 1 0 1 0 1 1 0 0 0 1 0 0 0 1
 1 0 1]"
1,0.8611017471634532,"[1 1 1 1 1 1 0 0 0 0 1 1 0 0 1 1 0 0 1 1 1 1 1 1 1 1 0 0 0 0 1 1 0 1 1 0 1
 1 0 1]"
1,0.5296482518208947,"[1 1 1 1 0 0 0 0 0 0 1 1 1 1 0 0 1 0 0 0 0 0 0 1 0 1 1 0 0 0 1 1 1 0 1 1 1
 0 0 1]"
1,0.8611017471634532,"[1 1 1 1 1 1 0 0 0 0 1 1 0 0 1 1 0 0 1 1 1 1 1 1 1 1 0 0 0 0 1 1 0 1 1 0 1
 1 0 1]"
1,0.25012820085574106,"[1 1 0 1 1 1 1 0 1 1 0 1 1 1 1 1 0 1 0 1 0 0 1 1 1 0 1 0 0 0 1 1 0 0 1 0 0
 0 0 1]"
1,0.5296482518208947,"[1 1 1 1 0 0 0 0 0 0 1 1 1 1 0 0 1 0 0 0 0 0 0 1 0 1 1 0 0 0 1 1 1 0 1 1 1
 0 0 1]"
1,0.9546966718680808,"[1 1 1 1 1 1 1 0 1 1 0 1 0 0 0 0 1 1 0 1 1 1 1 0 0 0 1 0 0 1 1 0 1 1 0 1 1
 0 0 1]"
1,0.9546966718680808,"[1 1 1 1 1 1 1 0 1 1 0 1 0 0 0 0 1 1 0 1 1 1 1 0 0 0 1 0 0 1 1 0 1 1 0 1 1
 0 0 1]"
1,0.9546966718680808,"[1 1 1 1 1 1 1 0 1 1 0 1 0 0 0 0 1 1 0 1 1 1 1 0 0 0 1 0 0 1 1 0 1 1 0 1 1
 0 0 1]"
1,0.8611017471634532,"[1 1 1 1 1 1 0 0 0 0 1 1 0 0 1 1 0 0 1 1 1 1 1 1 1 1 0 0 0 0 1 1 0 1 1 0 1
 1 0 1]"
1,0.8048919836285993,"[1 1 1 1 1 0 1 0 1 0 0 0 0 0 0 0 1 1 1 0 0 0 1 0 1 0 1 0 0 0 0 1 0 1 0 1 1
 1 1 1]"
1,0.8048919836285993,"[1 1 1 1 1 0 1 0 1 0 0 0 0 0 0 0 1 1 1 0 0 0 1 0 1 0 1 0 0 0 0 1 0 1 0 1 1
 1 1 1]"
1,0.9546966718680808,"[1 1 1 1 1 1 1 0 1 1 0 1 0 0 0 0 1 1 0 1 1 1 1 0 0 0 1 0 0 1 1 0 1 1 0 1 1
 0 0 1]"
1,0.9546966718680808,"[1 1 1 1 1 1 1 0 1 1 0 1 0 0 0 0 1 1 0 1 1 1 1 0 0 0 1 0 0 1 1 0 1 1 0 1 1
 0 0 1]"
1,0.8611017471634532,"[1 1 1 1 1 1 0 0 0 0 1 1 0 0 1 1 0 0 1 1 1 1 1 1 1 1 0 0 0 0 1 1 0 1 1 0 1
 1 0 1]"
1,0.8611017471634532,"[1 1 1 1 1 1 0 0 0 0 1 1 0 0 1 1 0 0 1 1 1 1 1 1 1 1 0 0 0 0 1 1 0 1 1 0 1
 1 0 1]"
1,0.5613700212327517,"[1 1 1 1 0 0 0 1 1 0 1 0 0 0 1 1 0 1 0 0 0 1 1 1 0 1 0 1 1 1 1 0 0 1 0 0 1
 1 1 1]"
1,0.5722162876902178,"[1 1 1 1 0 0 1 0 0 0 0 1 1 0 0 1 1 1 0 0 0 1 0 1 0 1 0 1 1 0 0 0 1 0 0 0 1
 1 0 1]"
1,0.8611017471634532,"[1 1 1 1 1 1 0 0 0 0 1 1 0 0 1 1 0 0 1 1 1 1 1 1 1 1 0 0 0 0 1 1 0 1 1 0 1
 1 0 1]"
1,0.36219308997779953,"[1 1 1 0 0 1 1 1 0 1 0 0 0 1 1 1 0 0 0 1 1 1 1 1 0 0 0 1 0 1 0 0 1 1 1 1 1
 1 1 1]"
1,0.9546966718680808,"[1 1 1 1 1 1 1 0 1 1 0 1 0 0 0 0 1 1 0 1 1 1 1 0 0 0 1 0 0 1 1 0 1 1 0 1 1
 0 0 1]"
1,0.8611017471634532,"[1 1 1 1 1 1 0 0 0 0 1 1 0 0 1 1 0 0 1 1 1 1 1 1 1 1 0 0 0 0 1 1 0 1 1 0 1
 1 0 1]"
1,0.8611017471634532,"[1 1 1 1 1 1 0 0 0 0 1 1 0 0 1 1 0 0 1 1 1 1 1 1 1 1 0 0 0 0 1 1 0 1 1 0 1
 1 0 1]"
1,0.5722162876902178,"[1 1 1 1 0 0 1 0 0 0 0 1 1 0 0 1 1 1 0 0 0 1 0 1 0 1 0 1 1 0 0 0 1 0 0 0 1
 1 0 1]"
1,0.9546966718680808,"[1 1 1 1 1 1 1 0 1 1 0 1 0 0 0 0 1 1 0 1 1 1 1 0 0 0 1 0 0 1 1 0 1 1 0 1 1
 0 0 1]"
1,0.8611017471634532,"[1 1 1 1 1 1 0 0 0 0 1 1 0 0 1 1 0 0 1 1 1 1 1 1 1 1 0 0 0 0 1 1 0 1 1 0 1
 1 0 1]"
1,0.5613700212327517,"[1 1 1 1 0 0 0 1 1 0 1 0 0 0 1 1 0 1 0 0 0 1 1 1 0 1 0 1 1 1 1 0 0 1 0 0 1
 1 1 1]"
1,0.5722162876902178,"[1 1 1 1 0 0 1 0 0 0 0 1 1 0 0 1 1 1 0 0 0 1 0 1 0 1 0 1 1 0 0 0 1 0 0 0 1
 1 0 1]"
1,0.5560976986687062,"[1 1 1 1 0 0 0 1 0 1 1 0 1 0 0 0 1 1 1 0 1 1 1 1 0 0 1 0 1 0 1 1 0 0 0 0 0
 0 0 1]"
1,0.5722162876902178,"[1 1 1 1 0 0 1 0 0 0 0 1 1 0 0 1 1 1 0 0 0 1 0 1 0 1 0 1 1 0 0 0 1 0 0 0 1
 1 0 1]"
1,0.8611017471634532,"[1 1 1 1 1 1 0 0 0 0 1 1 0 0 1 1 0 0 1 1 1 1 1 1 1 1 0 0 0 0 1 1 0 1 1 0 1
 1 0 1]"
1,0.8611017471634532,"[1 1 1 1 1 1 0 0 0 0 1 1 0 0 1 1 0 0 1 1 1 1 1 1 1 1 0 0 0 0 1 1 0 1 1 0 1
 1 0 1]"
1,0.8048919836285993,"[1 1 1 1 1 0 1 0 1 0 0 0 0 0 0 0 1 1 1 0 0 0 1 0 1 0 1 0 0 0 0 1 0 1 0 1 1
 1 1 1]"
1,0.8611017471634532,"[1 1 1 1 1 1 0 0 0 0 1 1 0 0 1 1 0 0 1 1 1 1 1 1 1 1 0 0 0 0 1 1 0 1 1 0 1
 1 0 1]"
1,0.1670280078869898,"[1 1 0 1 0 1 1 0 0 0 0 0 1 1 0 1 0 1 0 0 0 0 1 1 0 0 1 0 0 0 0 0 0 1 1 1 0
 0 0 1]"
1,0.8611017471634532,"[1 1 1 1 1 1 0 0 0 0 1 1 0 0 1 1 0 0 1 1 1 1 1 1 1 1 0 0 0 0 1 1 0 1 1 0 1
 1 0 1]"
1,0.15659759345423893,"[1 1 0 1 0 1 0 0 1 0 1 0 1 1 0 1 0 0 0 0 1 1 1 0 0 0 0 0 0 1 0 1 0 0 0 1 0
 1 0 0]"
1,0.9546966718680808,"[1 1 1 1 1 1 1 0 1 1 0 1 0 0 0 0 1 1 0 1 1 1 1 0 0 0 1 0 0 1 1 0 1 1 0 1 1
 0 0 1]"
1,0.8611017471634532,"[1 1 1 1 1 1 0 0 0 0 1 1 0 0 1 1 0 0 1 1 1 1 1 1 1 1 0 0 0 0 1 1 0 1 1 0 1
 1 0 1]"
1,0.9546966718680808,"[1 1 1 1 1 1 1 0 1 1 0 1 0 0 0 0 1 1 0 1 1 1 1 0 0 0 1 0 0 1 1 0 1 1 0 1 1
 0 0 1]"
1,0.4018558808435111,"[1 1 1 0 1 0 0 1 1 0 1 1 0 0 0 1 1 0 0 1 0 1 1 0 0 0 0 1 0 1 1 1 1 0 1 0 1
 1 0 0]"
1,0.8611017471634532,"[1 1 1 1 1 1 0 0 0 0 1 1 0 0 1 1 0 0 1 1 1 1 1 1 1 1 0 0 0 0 1 1 0 1 1 0 1
 1 0 1]"
1,0.5613700212327517,"[1 1 1 1 0 0 0 1 1 0 1 0 0 0 1 1 0 1 0 0 0 1 1 1 0 1 0 1 1 1 1 0 0 1 0 0 1
 1 1 1]"
1,0.5296482518208947,"[1 1 1 1 0 0 0 0 0 0 1 1 1 1 0 0 1 0 0 0 0 0 0 1 0 1 1 0 0 0 1 1 1 0 1 1 1
 0 0 1]"
1,0.8611017471634532,"[1 1 1 1 1 1 0 0 0 0 1 1 0 0 1 1 0 0 1 1 1 1 1 1 1 1 0 0 0 0 1 1 0 1 1 0 1
 1 0 1]"
1,0.5722162876902178,"[1 1 1 1 0 0 1 0 0 0 0 1 1 0 0 1 1 1 0 0 0 1 0 1 0 1 0 1 1 0 0 0 1 0 0 0 1
 1 0 1]"
1,0.5722162876902178,"[1 1 1 1 0 0 1 0 0 0 0 1 1 0 0 1 1 1 0 0 0 1 0 1 0 1 0 1 1 0 0 0 1 0 0 0 1
 1 0 1]"
1,0.9546966718680808,"[1 1 1 1 1 1 1 0 1 1 0 1 0 0 0 0 1 1 0 1 1 1 1 0 0 0 1 0 0 1 1 0 1 1 0 1 1
 0 0 1]"
1,0.8048919836285993,"[1 1 1 1 1 0 1 0 1 0 0 0 0 0 0 0 1 1 1 0 0 0 1 0 1 0 1 0 0 0 0 1 0 1 0 1 1
 1 1 1]"
1,0.8611017471634532,"[1 1 1 1 1 1 0 0 0 0 1 1 0 0 1 1 0 0 1 1 1 1 1 1 1 1 0 0 0 0 1 1 0 1 1 0 1
 1 0 1]"
1,0.8611017471634532,"[1 1 1 1 1 1 0 0 0 0 1 1 0 0 1 1 0 0 1 1 1 1 1 1 1 1 0 0 0 0 1 1 0 1 1 0 1
 1 0 1]"
1,0.5613700212327517,"[1 1 1 1 0 0 0 1 1 0 1 0 0 0 1 1 0 1 0 0 0 1 1 1 0 1 0 1 1 1 1 0 0 1 0 0 1
 1 1 1]"
1,0.8611017471634532,"[1 1 1 1 1 1 0 0 0 0 1 1 0 0 1 1 0 0 1 1 1 1 1 1 1 1 0 0 0 0 1 1 0 1 1 0 1
 1 0 1]"
1,0.9546966718680808,"[1 1 1 1 1 1 1 0 1 1 0 1 0 0 0 0 1 1 0 1 1 1 1 0 0 0 1 0 0 1 1 0 1 1 0 1 1
 0 0 1]"
1,0.8611017471634532,"[1 1 1 1 1 1 0 0 0 0 1 1 0 0 1 1 0 0 1 1 1 1 1 1 1 1 0 0 0 0 1 1 0 1 1 0 1
 1 0 1]"
1,0.9546966718680808,"[1 1 1 1 1 1 1 0 1 1 0 1 0 0 0 0 1 1 0 1 1 1 1 0 0 0 1 0 0 1 1 0 1 1 0 1 1
 0 0 1]"
1,0.5722162876902178,"[1 1 1 1 0 0 1 0 0 0 0 1 1 0 0 1 1 1 0 0 0 1 0 1 0 1 0 1 1 0 0 0 1 0 0 0 1
 1 0 1]"
1,0.8611017471634532,"[1 1 1 1 1 1 0 0 0 0 1 1 0 0 1 1 0 0 1 1 1 1 1 1 1 1 0 0 0 0 1 1 0 1 1 0 1
 1 0 1]"
1,0.8611017471634532,"[1 1 1 1 1 1 0 0 0 0 1 1 0 0 1 1 0 0 1 1 1 1 1 1 1 1 0 0 0 0 1 1 0 1 1 0 1
 1 0 1]"
1,0.5722162876902178,"[1 1 1 1 0 0 1 0 0 0 0 1 1 0 0 1 1 1 0 0 0 1 0 1 0 1 0 1 1 0 0 0 1 0 0 0 1
 1 0 1]"
1,0.9546966718680808,"[1 1 1 1 1 1 1 0 1 1 0 1 0 0 0 0 1 1 0 1 1 1 1 0 0 0 1 0 0 1 1 0 1 1 0 1 1
 0 0 1]"
1,0.5613700212327517,"[1 1 1 1 0 0 0 1 1 0 1 0 0 0 1 1 0 1 0 0 0 1 1 1 0 1 0 1 1 1 1 0 0 1 0 0 1
 1 1 1]"
1,0.8611017471634532,"[1 1 1 1 1 1 0 0 0 0 1 1 0 0 1 1 0 0 1 1 1 1 1 1 1 1 0 0 0 0 1 1 0 1 1 0 1
 1 0 1]"
1,0.5722162876902178,"[1 1 1 1 0 0 1 0 0 0 0 1 1 0 0 1 1 1 0 0 0 1 0 1 0 1 0 1 1 0 0 0 1 0 0 0 1
 1 0 1]"
1,0.15659759345423893,"[1 1 0 1 0 1 0 0 1 0 1 0 1 1 0 1 0 0 0 0 1 1 1 0 0 0 0 0 0 1 0 1 0 0 0 1 0
 1 0 0]"
1,0.8611017471634532,"[1 1 1 1 1 1 0 0 0 0 1 1 0 0 1 1 0 0 1 1 1 1 1 1 1 1 0 0 0 0 1 1 0 1 1 0 1
 1 0 1]"
1,0.9546966718680808,"[1 1 1 1 1 1 1 0 1 1 0 1 0 0 0 0 1 1 0 1 1 1 1 0 0 0 1 0 0 1 1 0 1 1 0 1 1
 0 0 1]"
step,fitness,genome
2,0.9546966718680808,"[1 1 1 1 1 1 1 0 1 1 0 1 0 0 0 0 1 1 0 1 1 1 1 0 0 0 1 0 0 1 1 0 1 1 0 1 1
 0 0 1]"
2,0.9546966718680808,"[1 1 1 1 1 1 1 0 1 1 0 1 0 0 0 0 1 1 0 1 1 1 1 0 0 0 1 0 0 1 1 0 1 1 0 1 1
 0 0 1]"
2,0.9546966718680808,"[1 1 1 1 1 1 1 0 1 1 0 1 0 0 0 0 1 1 0 1 1 1 1 0 0 0 1 0 0 1 1 0 1 1 0 1 1
 0 0 1]"
2,0.9546966718680808,"[1 1 1 1 1 1 1 0 1 1 0 1 0 0 0 0 1 1 0 1 1 1 1 0 0 0 1 0 0 1 1 0 1 1 0 1 1
 0 0 1]"
2,0.8611017471634532,"[1 1 1 1 1 1 0 0 0 0 1 1 0 0 1 1 0 0 1 1 1 1 1 1 1 1 0 0 0 0 1 1 0 1 1 0 1
 1 0 1]"
2,0.8611017471634532,"[1 1 1 1 1 1 0 0 0 0 1 1 0 0 1 1 0 0 1 1 1 1 1 1 1 1 0 0 0 0 1 1 0 1 1 0 1
 1 0 1]"
2,0.8611017471634532,"[1 1 1 1 1 1 0 0 0 0 1 1 0 0 1 1 0 0 1 1 1 1 1 1 1 1 0 0 0 0 1 1 0 1 1 0 1
 1 0 1]"
2,0.9546966718680808,"[1 1 1 1 1 1 1 0 1 1 0 1 0 0 0 0 1 1 0 1 1 1 1 0 0 0 1 0 0 1 1 0 1 1 0 1 1
 0 0 1]"
2,0.9546966718680808,"[1 1 1 1 1 1 1 0 1 1 0 1 0 0 0 0 1 1 0 1 1 1 1 0 0 0 1 0 0 1 1 0 1 1 0 1 1
 0 0 1]"
2,0.9546966718680808,"[1 1 1 1 1 1 1 0 1 1 0 1 0 0 0 0 1 1 0 1 1 1 1 0 0 0 1 0 0 1 1 0 1 1 0 1 1
 0 0 1]"
2,0.8611017471634532,"[1 1 1 1 1 1 0 0 0 0 1 1 0 0 1 1 0 0 1 1 1 1 1 1 1 1 0 0 0 0 1 1 0 1 1 0 1
 1 0 1]"
2,0.9546966718680808,"[1 1 1 1 1 1 1 0 1 1 0 1 0 0 0 0 1 1 0 1 1 1 1 0 0 0 1 0 0 1 1 0 1 1 0 1 1
 0 0 1]"
2,0.8611017471634532,"[1 1 1 1 1 1 0 0 0 0 1 1 0 0 1 1 0 0 1 1 1 1 1 1 1 1 0 0 0 0 1 1 0 1 1 0 1
 1 0 1]"
2,0.9546966718680808,"[1 1 1 1 1 1 1 0 1 1 0 1 0 0 0 0 1 1 0 1 1 1 1 0 0 0 1 0 0 1 1 0 1 1 0 1 1
 0 0 1]"
2,0.8611017471634532,"[1 1 1 1 1 1 0 0 0 0 1 1 0 0 1 1 0 0 1 1 1 1 1 1 1 1 0 0 0 0 1 1 0 1 1 0 1
 1 0 1]"
2,0.9546966718680808,"[1 1 1 1 1 1 1 0 1 1 0 1 0 0 0 0 1 1 0 1 1 1 1 0 0 0 1 0 0 1 1 0 1 1 0 1 1
 0 0 1]"
2,0.9546966718680808,"[1 1 1 1 1 1 1 0 1 1 0 1 0 0 0 0 1 1 0 1 1 1 1 0 0 0 1 0 0 1 1 0 1 1 0 1 1
 0 0 1]"
2,0.8611017471634532,"[1 1 1 1 1 1 0 0 0 0 1 1 0 0 1 1 0 0 1 1 1 1 1 1 1 1 0 0 0 0 1 1 0 1 1 0 1
 1 0 1]"
2,0.8611017471634532,"[1 1 1 1 1 1 0 0 0 0 1 1 0 0 1 1 0 0 1 1 1 1 1 1 1 1 0 0 0 0 1 1 0 1 1 0 1
 1 0 1]"
2,0.9546966718680808,"[1 1 1 1 1 1 1 0 1 1 0 1 0 0 0 0 1 1 0 1 1 1 1 0 0 0 1 0 0 1 1 0 1 1 0 1 1
 0 0 1]"
2,0.9546966718680808,"[1 1 1 1 1 1 1 0 1 1 0 1 0 0 0 0 1 1 0 1 1 1 1 0 0 0 1 0 0 1 1 0 1 1 0 1 1
 0 0 1]"
2,0.9546966718680808,"[1 1 1 1 1 1 1 0 1 1 0 1 0 0 0 0 1 1 0 1 1 1 1 0 0 0 1 0 0 1 1 0 1 1 0 1 1
 0 0 1]"
2,0.8611017471634532,"[1 1 1 1 1 1 0 0 0 0 1 1 0 0 1 1 0 0 1 1 1 1 1 1 1 1 0 0 0 0 1 1 0 1 1 0 1
 1 0 1]"
2,0.9546966718680808,"[1 1 1 1 1 1 1 0 1 1 0 1 0 0 0 0 1 1 0 1 1 1 1 0 0 0 1 0 0 1 1 0 1 1 0 1 1
 0 0 1]"
2,0.9546966718680808,"[1 1 1 1 1 1 1 0 1 1 0 1 0 0 0 0 1 1 0 1 1 1 1 0 0 0 1 0 0 1 1 0 1 1 0 1 1
 0 0 1]"
2,0.8611017471634532,"[1 1 1 1 1 1 0 0 0 0 1 1 0 0 1 1 0 0 1 1 1 1 1 1 1 1 0 0 0 0 1 1 0 1 1 0 1
 1 0 1]"
2,0.9546966718680808,"[1 1 1 1 1 1 1 0 1 1 0 1 0 0 0 0 1 1 0 1 1 1 1 0 0 0 1 0 0 1 1 0 1 1 0 1 1
 0 0 1]"
2,0.8611017471634532,"[1 1 1 1 1 1 0 0 0 0 1 1 0 0 1 1 0 0 1 1 1 1 1 1 1 1 0 0 0 0 1 1 0 1 1 0 1
 1 0 1]"
2,0.9546966718680808,"[1 1 1 1 1 1 1 0 1 1 0 1 0 0 0 0 1 1 0 1 1 1 1 0 0 0 1 0 0 1 1 0 1 1 0 1 1
 0 0 1]"
2,0.9546966718680808,"[1 1 1 1 1 1 1 0 1 1 0 1 0 0 0 0 1 1 0 1 1 1 1 0 0 0 1 0 0 1 1 0 1 1 0 1 1
 0 0 1]"
2,0.9546966718680808,"[1 1 1 1 1 1 1 0 1 1 0 1 0 0 0 0 1 1 0 1 1 1 1 0 0 0 1 0 0 1 1 0 1 1 0 1 1
 0 0 1]"
2,0.8611017471634532,"[1 1 1 1 1 1 0 0 0 0 1 1 0 0 1 1 0 0 1 1 1 1 1 1 1 1 0 0 0 0 1 1 0 1 1 0 1
 1 0 1]"
2,0.8611017471634532,"[1 1 1 1 1 1 0 0 0 0 1 1 0 0 1 1 0 0 1 1 1 1 1 1 1 1 0 0 0 0 1 1 0 1 1 0 1
 1 0 1]"
2,0.9546966718680808,"[1 1 1 1 1 1 1 0 1 1 0 1 0 0 0 0 1 1 0 1 1 1 1 0 0 0 1 0 0 1 1 0 1 1 0 1 1
 0 0 1]"
2,0.9546966718680808,"[1 1 1 1 1 1 1 0 1 1 0 1 0 0 0 0 1 1 0 1 1 1 1 0 0 0 1 0 0 1 1 0 1 1 0 1 1
 0 0 1]"
2,0.8048919836285993,"[1 1 1 1 1 0 1 0 1 0 0 0 0 0 0 0 1 1 1 0 0 0 1 0 1 0 1 0 0 0 0 1 0 1 0 1 1
 1 1 1]"
2,0.9546966718680808,"[1 1 1 1 1 1 1 0 1 1 0 1 0 0 0 0 1 1 0 1 1 1 1 0 0 0 1 0 0 1 1 0 1 1 0 1 1
 0 0 1]"
2,0.9546966718680808,"[1 1 1 1 1 1 1 0 1 1 0 1 0 0 0 0 1 1 0 1 1 1 1 0 0 0 1 0 0 1 1 0 1 1 0 1 1
 0 0 1]"
2,0.9546966718680808,"[1 1 1 1 1 1 1 0 1 1 0 1 0 0 0 0 1 1 0 1 1 1 1 0 0 0 1 0 0 1 1 0 1 1 0 1 1
 0 0 1]"
2,0.9546966718680808,"[1 1 1 1 1 1 1 0 1 1 0 1 0 0 0 0 1 1 0 1 1 1 1 0 0 0 1 0 0 1 1 0 1 1 0 1 1
 0 0 1]"
2,0.8048919836285993,"[1 1 1 1 1 0 1 0 1 0 0 0 0 0 0 0 1 1 1 0 0 0 1 0 1 0 1 0 0 0 0 1 0 1 0 1 1
 1 1 1]"
2,0.9546966718680808,"[1 1 1 1 1 1 1 0 1 1 0 1 0 0 0 0 1 1 0 1 1 1 1 0 0 0 1 0 0 1 1 0 1 1 0 1 1
 0 0 1]"
2,0.9546966718680808,"[1 1 1 1 1 1 1 0 1 1 0 1 0 0 0 0 1 1 0 1 1 1 1 0 0 0 1 0 0 1 1 0 1 1 0 1 1
 0 0 1]"
2,0.9546966718680808,"[1 1 1 1 1 1 1 0 1 1 0 1 0 0 0 0 1 1 0 1 1 1 1 0 0 0 1 0 0 1 1 0 1 1 0 1 1
 0 0 1]"
2,0.8611017471634532,"[1 1 1 1 1 1 0 0 0 0 1 1 0 0 1 1 0 0 1 1 1 1 1 1 1 1 0 0 0 0 1 1 0 1 1 0 1
 1 0 1]"
2,0.8611017471634532,"[1 1 1 1 1 1 0 0 0 0 1 1 0 0 1 1 0 0 1 1 1 1 1 1 1 1 0 0 0 0 1 1 0 1 1 0 1
 1 0 1]"
2,0.8611017471634532,"[1 1 1 1 1 1 0 0 0 0 1 1 0 0 1 1 0 0 1 1 1 1 1 1 1 1 0 0 0 0 1 1 0 1 1 0 1
 1 0 1]"
2,0.9546966718680808,"[1 1 1 1 1 1 1 0 1 1 0 1 0 0 0 0 1 1 0 1 1 1 1 0 0 0 1 0 0 1 1 0 1 1 0 1 1
 0 0 1]"
2,0.8611017471634532,"[1 1 1 1 1 1 0 0 0 0 1 1 0 0 1 1 0 0 1 1 1 1 1 1 1 1 0 0 0 0 1 1 0 1 1 0 1
 1 0 1]"
2,0.8611017471634532,"[1 1 1 1 1 1 0 0 0 0 1 1 0 0 1 1 0 0 1 1 1 1 1 1 1 1 0 0 0 0 1 1 0 1 1 0 1
 1 0 1]"
2,0.8611017471634532,"[1 1 1 1 1 1 0 0 0 0 1 1 0 0 1 1 0 0 1 1 1 1 1 1 1 1 0 0 0 0 1 1 0 1 1 0 1
 1 0 1]"
2,0.9546966718680808,"[1 1 1 1 1 1 1 0 1 1 0 1 0 0 0 0 1 1 0 1 1 1 1 0 0 0 1 0 0 1 1 0 1 1 0 1 1
 0 0 1]"
2,0.9546966718680808,"[1 1 1 1 1 1 1 0 1 1 0 1 0 0 0 0 1 1 0 1 1 1 1 0 0 0 1 0 0 1 1 0 1 1 0 1 1
 0 0 1]"
2,0.9546966718680808,"[1 1 1 1 1 1 1 0 1 1 0 1 0 0 0 0 1 1 0 1 1 1 1 0 0 0 1 0 0 1 1 0 1 1 0 1 1
 0 0 1]"
2,0.9546966718680808,"[1 1 1 1 1 1 1 0 1 1 0 1 0 0 0 0 1 1 0 1 1 1 1 0 0 0 1 0 0 1 1 0 1 1 0 1 1
 0 0 1]"
2,0.9546966718680808,"[1 1 1 1 1 1 1 0 1 1 0 1 0 0 0 0 1 1 0 1 1 1 1 0 0 0 1 0 0 1 1 0 1 1 0 1 1
 0 0 1]"
2,0.9546966718680808,"[1 1 1 1 1 1 1 0 1 1 0 1 0 0 0 0 1 1 0 1 1 1 1 0 0 0 1 0 0 1 1 0 1 1 0 1 1
 0 0 1]"
2,0.9546966718680808,"[1 1 1 1 1 1 1 0 1 1 0 1 0 0 0 0 1 1 0 1 1 1 1 0 0 0 1 0 0 1 1 0 1 1 0 1 1
 0 0 1]"
2,0.9546966718680808,"[1 1 1 1 1 1 1 0 1 1 0 1 0 0 0 0 1 1 0 1 1 1 1 0 0 0 1 0 0 1 1 0 1 1 0 1 1
 0 0 1]"
2,0.8611017471634532,"[1 1 1 1 1 1 0 0 0 0 1 1 0 0 1 1 0 0 1 1 1 1 1 1 1 1 0 0 0 0 1 1 0 1 1 0 1
 1 0 1]"
2,0.8611017471634532,"[1 1 1 1 1 1 0 0 0 0 1 1 0 0 1 1 0 0 1 1 1 1 1 1 1 1 0 0 0 0 1 1 0 1 1 0 1
 1 0 1]"
2,0.8611017471634532,"[1 1 1 1 1 1 0 0 0 0 1 1 0 0 1 1 0 0 1 1 1 1 1 1 1 1 0 0 0 0 1 1 0 1 1 0 1
 1 0 1]"
2,0.9546966718680808,"[1 1 1 1 1 1 1 0 1 1 0 1 0 0 0 0 1 1 0 1 1 1 1 0 0 0 1 0 0 1 1 0 1 1 0 1 1
 0 0 1]"
2,0.8611017471634532,"[1 1 1 1 1 1 0 0 0 0 1 1 0 0 1 1 0 0 1 1 1 1 1 1 1 1 0 0 0 0 1 1 0 1 1 0 1
 1 0 1]"
2,0.9546966718680808,"[1 1 1 1 1 1 1 0 1 1 0 1 0 0 0 0 1 1 0 1 1 1 1 0 0 0 1 0 0 1 1 0 1 1 0 1 1
 0 0 1]"
2,0.9546966718680808,"[1 1 1 1 1 1 1 0 1 1 0 1 0 0 0 0 1 1 0 1 1 1 1 0 0 0 1 0 0 1 1 0 1 1 0 1 1
 0 0 1]"
2,0.9546966718680808,"[1 1 1 1 1 1 1 0 1 1 0 1 0 0 0 0 1 1 0 1 1 1 1 0 0 0 1 0 0 1 1 0 1 1 0 1 1
 0 0 1]"
2,0.8611017471634532,"[1 1 1 1 1 1 0 0 0 0 1 1 0 0 1 1 0 0 1 1 1 1 1 1 1 1 0 0 0 0 1 1 0 1 1 0 1
 1 0 1]"
2,0.9546966718680808,"[1 1 1 1 1 1 1 0 1 1 0 1 0 0 0 0 1 1 0 1 1 1 1 0 0 0 1 0 0 1 1 0 1 1 0 1 1
 0 0 1]"
2,0.9546966718680808,"[1 1 1 1 1 1 1 0 1 1 0 1 0 0 0 0 1 1 0 1 1 1 1 0 0 0 1 0 0 1 1 0 1 1 0 1 1
 0 0 1]"
2,0.9546966718680808,"[1 1 1 1 1 1 1 0 1 1 0 1 0 0 0 0 1 1 0 1 1 1 1 0 0 0 1 0 0 1 1 0 1 1 0 1 1
 0 0 1]"
2,0.9546966718680808,"[1 1 1 1 1 1 1 0 1 1 0 1 0 0 0 0 1 1 0 1 1 1 1 0 0 0 1 0 0 1 1 0 1 1 0 1 1
 0 0 1]"
2,0.9546966718680808,"[1 1 1 1 1 1 1 0 1 1 0 1 0 0 0 0 1 1 0 1 1 1 1 0 0 0 1 0 0 1 1 0 1 1 0 1 1
 0 0 1]"
2,0.8611017471634532,"[1 1 1 1 1 1 0 0 0 0 1 1 0 0 1 1 0 0 1 1 1 1 1 1 1 1 0 0 0 0 1 1 0 1 1 0 1
 1 0 1]"
2,0.9546966718680808,"[1 1 1 1 1 1 1 0 1 1 0 1 0 0 0 0 1 1 0 1 1 1 1 0 0 0 1 0 0 1 1 0 1 1 0 1 1
 0 0 1]"
step,fitness,genome
3,0.9546966718680808,"[1 1 1 1 1 1 1 0 1 1 0 1 0 0 0 0 1 1 0 1 1 1 1 0 0 0 1 0 0 1 1 0 1 1 0 1 1
 0 0 1]"
3,0.9546966718680808,"[1 1 1 1 1 1 1 0 1 1 0 1 0 0 0 0 1 1 0 1 1 1 1 0 0 0 1 0 0 1 1 0 1 1 0 1 1
 0 0 1]"
3,0.9546966718680808,"[1 1 1 1 1 1 1 0 1 1 0 1 0 0 0 0 1 1 0 1 1 1 1 0 0 0 1 0 0 1 1 0 1 1 0 1 1
 0 0 1]"
3,0.9546966718680808,"[1 1 1 1 1 1 1 0 1 1 0 1 0 0 0 0 1 1 0 1 1 1 1 0 0 0 1 0 0 1 1 0 1 1 0 1 1
 0 0 1]"
3,0.9546966718680808,"[1 1 1 1 1 1 1 0 1 1 0 1 0 0 0 0 1 1 0 1 1 1 1 0 0 0 1 0 0 1 1 0 1 1 0 1 1
 0 0 1]"
3,0.9546966718680808,"[1 1 1 1 1 1 1 0 1 1 0 1 0 0 0 0 1 1 0 1 1 1 1 0 0 0 1 0 0 1 1 0 1 1 0 1 1
 0 0 1]"
3,0.9546966718680808,"[1 1 1 1 1 1 1 0 1 1 0 1 0 0 0 0 1 1 0 1 1 1 1 0 0 0 1 0 0 1 1 0 1 1 0 1 1
 0 0 1]"
3,0.9546966718680808,"[1 1 1 1 1 1 1 0 1 1 0 1 0 0 0 0 1 1 0 1 1 1 1 0 0 0 1 0 0 1 1 0 1 1 0 1 1
 0 0 1]"
3,0.9546966718680808,"[1 1 1 1 1 1 1 0 1 1 0 1 0 0 0 0 1 1 0 1 1 1 1 0 0 0 1 0 0 1 1 0 1 1 0 1 1
 0 0 1]"
3,0.9546966718680808,"[1 1 1 1 1 1 1 0 1 1 0 1 0 0 0 0 1 1 0 1 1 1 1 0 0 0 1 0 0 1 1 0 1 1 0 1 1
 0 0 1]"
3,0.9546966718680808,"[1 1 1 1 1 1 1 0 1 1 0 1 0 0 0 0 1 1 0 1 1 1 1 0 0 0 1 0 0 1 1 0 1 1 0 1 1
 0 0 1]"
3,0.9546966718680808,"[1 1 1 1 1 1 1 0 1 1 0 1 0 0 0 0 1 1 0 1 1 1 1 0 0 0 1 0 0 1 1 0 1 1 0 1 1
 0 0 1]"
3,0.9546966718680808,"[1 1 1 1 1 1 1 0 1 1 0 1 0 0 0 0 1 1 0 1 1 1 1 0 0 0 1 0 0 1 1 0 1 1 0 1 1
 0 0 1]"
3,0.9546966718680808,"[1 1 1 1 1 1 1 0 1 1 0 1 0 0 0 0 1 1 0 1 1 1 1 0 0 0 1 0 0 1 1 0 1 1 0 1 1
 0 0 1]"
3,0.9546966718680808,"[1 1 1 1 1 1 1 0 1 1 0 1 0 0 0 0 1 1 0 1 1 1 1 0 0 0 1 0 0 1 1 0 1 1 0 1 1
 0 0 1]"
3,0.9546966718680808,"[1 1 1 1 1 1 1 0 1 1 0 1 0 0 0 0 1 1 0 1 1 1 1 0 0 0 1 0 0 1 1 0 1 1 0 1 1
 0 0 1]"
3,0.9546966718680808,"[1 1 1 1 1 1 1 0 1 1 0 1 0 0 0 0 1 1 0 1 1 1 1 0 0 0 1 0 0 1 1 0 1 1 0 1 1
 0 0 1]"
3,0.9546966718680808,"[1 1 1 1 1 1 1 0 1 1 0 1 0 0 0 0 1 1 0 1 1 1 1 0 0 0 1 0 0 1 1 0 1 1 0 1 1
 0 0 1]"
3,0.9546966718680808,"[1 1 1 1 1 1 1 0 1 1 0 1 0 0 0 0 1 1 0 1 1 1 1 0 0 0 1 0 0 1 1 0 1 1 0 1 1
 0 0 1]"
3,0.9546966718680808,"[1 1 1 1 1 1 1 0 1 1 0 1 0 0 0 0 1 1 0 1 1 1 1 0 0 0 1 0 0 1 1 0 1 1 0 1 1
 0 0 1]"
3,0.9546966718680808,"[1 1 1 1 1 1 1 0 1 1 0 1 0 0 0 0 1 1 0 1 1 1 1 0 0 0 1 0 0 1 1 0 1 1 0 1 1
 0 0 1]"
3,0.9546966718680808,"[1 1 1 1 1 1 1 0 1 1 0 1 0 0 0 0 1 1 0 1 1 1 1 0 0 0 1 0 0 1 1 0 1 1 0 1 1
 0 0 1]"
3,0.9546966718680808,"[1 1 1 1 1 1 1 0 1 1 0 1 0 0 0 0 1 1 0 1 1 1 1 0 0 0 1 0 0 1 1 0 1 1 0 1 1
 0 0 1]"
3,0.9546966718680808,"[1 1 1 1 1 1 1 0 1 1 0 1 0 0 0 0 1 1 0 1 1 1 1 0 0 0 1 0 0 1 1 0 1 1 0 1 1
 0 0 1]"
3,0.9546966718680808,"[1 1 1 1 1 1 1 0 1 1 0 1 0 0 0 0 1 1 0 1 1 1 1 0 0 0 1 0 0 1 1 0 1 1 0 1 1
 0 0 1]"
3,0.9546966718680808,"[1 1 1 1 1 1 1 0 1 1 0 1 0 0 0 0 1 1 0 1 1 1 1 0 0 0 1 0 0 1 1 0 1 1 0 1 1
 0 0 1]"
3,0.9546966718680808,"[1 1 1 1 1 1 1 0 1 1 0 1 0 0 0 0 1 1 0 1 1 1 1 0 0 0 1 0 0 1 1 0 1 1 0 1 1
 0 0 1]"
3,0.9546966718680808,"[1 1 1 1 1 1 1 0 1 1 0 1 0 0 0 0 1 1 0 1 1 1 1 0 0 0 1 0 0 1 1 0 1 1 0 1 1
 0 0 1]"
3,0.9546966718680808,"[1 1 1 1 1 1 1 0 1 1 0 1 0 0 0 0 1 1 0 1 1 1 1 0 0 0 1 0 0 1 1 0 1 1 0 1 1
 0 0 1]"
3,0.9546966718680808,"[1 1 1 1 1 1 1 0 1 1 0 1 0 0 0 0 1 1 0 1 1 1 1 0 0 0 1 0 0 1 1 0 1 1 0 1 1
 0 0 1]"
3,0.9546966718680808,"[1 1 1 1 1 1 1 0 1 1 0 1 0 0 0 0 1 1 0 1 1 1 1 0 0 0 1 0 0 1 1 0 1 1 0 1 1
 0 0 1]"
3,0.9546966718680808,"[1 1 1 1 1 1 1 0 1 1 0 1 0 0 0 0 1 1 0 1 1 1 1 0 0 0 1 0 0 1 1 0 1 1 0 1 1
 0 0 1]"
3,0.9546966718680808,"[1 1 1 1 1 1 1 0 1 1 0 1 0 0 0 0 1 1 0 1 1 1 1 0 0 0 1 0 0 1 1 0 1 1 0 1 1
 0 0 1]"
3,0.9546966718680808,"[1 1 1 1 1 1 1 0 1 1 0 1 0 0 0 0 1 1 0 1 1 1 1 0 0 0 1 0 0 1 1 0 1 1 0 1 1
 0 0 1]"
3,0.9546966718680808,"[1 1 1 1 1 1 1 0 1 1 0 1 0 0 0 0 1 1 0 1 1 1 1 0 0 0 1 0 0 1 1 0 1 1 0 1 1
 0 0 1]"
3,0.9546966718680808,"[1 1 1 1 1 1 1 0 1 1 0 1 0 0 0 0 1 1 0 1 1 1 1 0 0 0 1 0 0 1 1 0 1 1 0 1 1
 0 0 1]"
3,0.9546966718680808,"[1 1 1 1 1 1 1 0 1 1 0 1 0 0 0 0 1 1 0 1 1 1 1 0 0 0 1 0 0 1 1 0 1 1 0 1 1
 0 0 1]"
3,0.9546966718680808,"[1 1 1 1 1 1 1 0 1 1 0 1 0 0 0 0 1 1 0 1 1 1 1 0 0 0 1 0 0 1 1 0 1 1 0 1 1
 0 0 1]"
3,0.9546966718680808,"[1 1 1 1 1 1 1 0 1 1 0 1 0 0 0 0 1 1 0 1 1 1 1 0 0 0 1 0 0 1 1 0 1 1 0 1 1
 0 0 1]"
3,0.9546966718680808,"[1 1 1 1 1 1 1 0 1 1 0 1 0 0 0 0 1 1 0 1 1 1 1 0 0 0 1 0 0 1 1 0 1 1 0 1 1
 0 0 1]"
3,0.9546966718680808,"[1 1 1 1 1 1 1 0 1 1 0 1 0 0 0 0 1 1 0 1 1 1 1 0 0 0 1 0 0 1 1 0 1 1 0 1 1
 0 0 1]"
3,0.9546966718680808,"[1 1 1 1 1 1 1 0 1 1 0 1 0 0 0 0 1 1 0 1 1 1 1 0 0 0 1 0 0 1 1 0 1 1 0 1 1
 0 0 1]"
3,0.9546966718680808,"[1 1 1 1 1 1 1 0 1 1 0 1 0 0 0 0 1 1 0 1 1 1 1 0 0 0 1 0 0 1 1 0 1 1 0 1 1
 0 0 1]"
3,0.9546966718680808,"[1 1 1 1 1 1 1 0 1 1 0 1 0 0 0 0 1 1 0 1 1 1 1 0 0 0 1 0 0 1 1 0 1 1 0 1 1
 0 0 1]"
3,0.9546966718680808,"[1 1 1 1 1 1 1 0 1 1 0 1 0 0 0 0 1 1 0 1 1 1 1 0 0 0 1 0 0 1 1 0 1 1 0 1 1
 0 0 1]"
3,0.9546966718680808,"[1 1 1 1 1 1 1 0 1 1 0 1 0 0 0 0 1 1 0 1 1 1 1 0 0 0 1 0 0 1 1 0 1 1 0 1 1
 0 0 1]"
3,0.9546966718680808,"[1 1 1 1 1 1 1 0 1 1 0 1 0 0 0 0 1 1 0 1 1 1 1 0 0 0 1 0 0 1 1 0 1 1 0 1 1
 0 0 1]"
3,0.9546966718680808,"[1 1 1 1 1 1 1 0 1 1 0 1 0 0 0 0 1 1 0 1 1 1 1 0 0 0 1 0 0 1 1 0 1 1 0 1 1
 0 0 1]"
3,0.9546966718680808,"[1 1 1 1 1 1 1 0 1 1 0 1 0 0 0 0 1 1 0 1 1 1 1 0 0 0 1 0 0 1 1 0 1 1 0 1 1
 0 0 1]"
3,0.9546966718680808,"[1 1 1 1 1 1 1 0 1 1 0 1 0 0 0 0 1 1 0 1 1 1 1 0 0 0 1 0 0 1 1 0 1 1 0 1 1
 0 0 1]"
3,0.9546966718680808,"[1 1 1 1 1 1 1 0 1 1 0 1 0 0 0 0 1 1 0 1 1 1 1 0 0 0 1 0 0 1 1 0 1 1 0 1 1
 0 0 1]"
3,0.9546966718680808,"[1 1 1 1 1 1 1 0 1 1 0 1 0 0 0 0 1 1 0 1 1 1 1 0 0 0 1 0 0 1 1 0 1 1 0 1 1
 0 0 1]"
3,0.9546966718680808,"[1 1 1 1 1 1 1 0 1 1 0 1 0 0 0 0 1 1 0 1 1 1 1 0 0 0 1 0 0 1 1 0 1 1 0 1 1
 0 0 1]"
3,0.9546966718680808,"[1 1 1 1 1 1 1 0 1 1 0 1 0 0 0 0 1 1 0 1 1 1 1 0 0 0 1 0 0 1 1 0 1 1 0 1 1
 0 0 1]"
3,0.9546966718680808,"[1 1 1 1 1 1 1 0 1 1 0 1 0 0 0 0 1 1 0 1 1 1 1 0 0 0 1 0 0 1 1 0 1 1 0 1 1
 0 0 1]"
3,0.9546966718680808,"[1 1 1 1 1 1 1 0 1 1 0 1 0 0 0 0 1 1 0 1 1 1 1 0 0 0 1 0 0 1 1 0 1 1 0 1 1
 0 0 1]"
3,0.9546966718680808,"[1 1 1 1 1 1 1 0 1 1 0 1 0 0 0 0 1 1 0 1 1 1 1 0 0 0 1 0 0 1 1 0 1 1 0 1 1
 0 0 1]"
3,0.9546966718680808,"[1 1 1 1 1 1 1 0 1 1 0 1 0 0 0 0 1 1 0 1 1 1 1 0 0 0 1 0 0 1 1 0 1 1 0 1 1
 0 0 1]"
3,0.9546966718680808,"[1 1 1 1 1 1 1 0 1 1 0 1 0 0 0 0 1 1 0 1 1 1 1 0 0 0 1 0 0 1 1 0 1 1 0 1 1
 0 0 1]"
3,0.9546966718680808,"[1 1 1 1 1 1 1 0 1 1 0 1 0 0 0 0 1 1 0 1 1 1 1 0 0 0 1 0 0 1 1 0 1 1 0 1 1
 0 0 1]"
3,0.9546966718680808,"[1 1 1 1 1 1 1 0 1 1 0 1 0 0 0 0 1 1 0 1 1 1 1 0 0 0 1 0 0 1 1 0 1 1 0 1 1
 0 0 1]"
3,0.9546966718680808,"[1 1 1 1 1 1 1 0 1 1 0 1 0 0 0 0 1 1 0 1 1 1 1 0 0 0 1 0 0 1 1 0 1 1 0 1 1
 0 0 1]"
3,0.9546966718680808,"[1 1 1 1 1 1 1 0 1 1 0 1 0 0 0 0 1 1 0 1 1 1 1 0 0 0 1 0 0 1 1 0 1 1 0 1 1
 0 0 1]"
3,0.9546966718680808,"[1 1 1 1 1 1 1 0 1 1 0 1 0 0 0 0 1 1 0 1 1 1 1 0 0 0 1 0 0 1 1 0 1 1 0 1 1
 0 0 1]"
3,0.9546966718680808,"[1 1 1 1 1 1 1 0 1 1 0 1 0 0 0 0 1 1 0 1 1 1 1 0 0 0 1 0 0 1 1 0 1 1 0 1 1
 0 0 1]"
3,0.9546966718680808,"[1 1 1 1 1 1 1 0 1 1 0 1 0 0 0 0 1 1 0 1 1 1 1 0 0 0 1 0 0 1 1 0 1 1 0 1 1
 0 0 1]"
3,0.9546966718680808,"[1 1 1 1 1 1 1 0 1 1 0 1 0 0 0 0 1 1 0 1 1 1 1 0 0 0 1 0 0 1 1 0 1 1 0 1 1
 0 0 1]"
3,0.9546966718680808,"[1 1 1 1 1 1 1 0 1 1 0 1 0 0 0 0 1 1 0 1 1 1 1 0 0 0 1 0 0 1 1 0 1 1 0 1 1
 0 0 1]"
3,0.9546966718680808,"[1 1 1 1 1 1 1 0 1 1 0 1 0 0 0 0 1 1 0 1 1 1 1 0 0 0 1 0 0 1 1 0 1 1 0 1 1
 0 0 1]"
3,0.9546966718680808,"[1 1 1 1 1 1 1 0 1 1 0 1 0 0 0 0 1 1 0 1 1 1 1 0 0 0 1 0 0 1 1 0 1 1 0 1 1
 0 0 1]"
3,0.9546966718680808,"[1 1 1 1 1 1 1 0 1 1 0 1 0 0 0 0 1 1 0 1 1 1 1 0 0 0 1 0 0 1 1 0 1 1 0 1 1
 0 0 1]"
3,0.9546966718680808,"[1 1 1 1 1 1 1 0 1 1 0 1 0 0 0 0 1 1 0 1 1 1 1 0 0 0 1 0 0 1 1 0 1 1 0 1 1
 0 0 1]"
3,0.9546966718680808,"[1 1 1 1 1 1 1 0 1 1 0 1 0 0 0 0 1 1 0 1 1 1 1 0 0 0 1 0 0 1 1 0 1 1 0 1 1
 0 0 1]"
3,0.9546966718680808,"[1 1 1 1 1 1 1 0 1 1 0 1 0 0 0 0 1 1 0 1 1 1 1 0 0 0 1 0 0 1 1 0 1 1 0 1 1
 0 0 1]"
3,0.9546966718680808,"[1 1 1 1 1 1 1 0 1 1 0 1 0 0 0 0 1 1 0 1 1 1 1 0 0 0 1 0 0 1 1 0 1 1 0 1 1
 0 0 1]"
step,fitness,genome
4,0.9546966718680808,"[1 1 1 1 1 1 1 0 1 1 0 1 0 0 0 0 1 1 0 1 1 1 1 0 0 0 1 0 0 1 1 0 1 1 0 1 1
 0 0 1]"
4,0.9546966718680808,"[1 1 1 1 1 1 1 0 1 1 0 1 0 0 0 0 1 1 0 1 1 1 1 0 0 0 1 0 0 1 1 0 1 1 0 1 1
 0 0 1]"
4,0.9546966718680808,"[1 1 1 1 1 1 1 0 1 1 0 1 0 0 0 0 1 1 0 1 1 1 1 0 0 0 1 0 0 1 1 0 1 1 0 1 1
 0 0 1]"
4,0.9546966718680808,"[1 1 1 1 1 1 1 0 1 1 0 1 0 0 0 0 1 1 0 1 1 1 1 0 0 0 1 0 0 1 1 0 1 1 0 1 1
 0 0 1]"
4,0.9546966718680808,"[1 1 1 1 1 1 1 0 1 1 0 1 0 0 0 0 1 1 0 1 1 1 1 0 0 0 1 0 0 1 1 0 1 1 0 1 1
 0 0 1]"
4,0.9546966718680808,"[1 1 1 1 1 1 1 0 1 1 0 1 0 0 0 0 1 1 0 1 1 1 1 0 0 0 1 0 0 1 1 0 1 1 0 1 1
 0 0 1]"
4,0.9546966718680808,"[1 1 1 1 1 1 1 0 1 1 0 1 0 0 0 0 1 1 0 1 1 1 1 0 0 0 1 0 0 1 1 0 1 1 0 1 1
 0 0 1]"
4,0.9546966718680808,"[1 1 1 1 1 1 1 0 1 1 0 1 0 0 0 0 1 1 0 1 1 1 1 0 0 0 1 0 0 1 1 0 1 1 0 1 1
 0 0 1]"
4,0.9546966718680808,"[1 1 1 1 1 1 1 0 1 1 0 1 0 0 0 0 1 1 0 1 1 1 1 0 0 0 1 0 0 1 1 0 1 1 0 1 1
 0 0 1]"
4,0.9546966718680808,"[1 1 1 1 1 1 1 0 1 1 0 1 0 0 0 0 1 1 0 1 1 1 1 0 0 0 1 0 0 1 1 0 1 1 0 1 1
 0 0 1]"
4,0.9546966718680808,"[1 1 1 1 1 1 1 0 1 1 0 1 0 0 0 0 1 1 0 1 1 1 1 0 0 0 1 0 0 1 1 0 1 1 0 1 1
 0 0 1]"
4,0.9546966718680808,"[1 1 1 1 1 1 1 0 1 1 0 1 0 0 0 0 1 1 0 1 1 1 1 0 0 0 1 0 0 1 1 0 1 1 0 1 1
 0 0 1]"
4,0.9546966718680808,"[1 1 1 1 1 1 1 0 1 1 0 1 0 0 0 0 1 1 0 1 1 1 1 0 0 0 1 0 0 1 1 0 1 1 0 1 1
 0 0 1]"
4,0.9546966718680808,"[1 1 1 1 1 1 1 0 1 1 0 1 0 0 0 0 1 1 0 1 1 1 1 0 0 0 1 0 0 1 1 0 1 1 0 1 1
 0 0 1]"
4,0.9546966718680808,"[1 1 1 1 1 1 1 0 1 1 0 1 0 0 0 0 1 1 0 1 1 1 1 0 0 0 1 0 0 1 1 0 1 1 0 1 1
 0 0 1]"
4,0.9546966718680808,"[1 1 1 1 1 1 1 0 1 1 0 1 0 0 0 0 1 1 0 1 1 1 1 0 0 0 1 0 0 1 1 0 1 1 0 1 1
 0 0 1]"
4,0.9546966718680808,"[1 1 1 1 1 1 1 0 1 1 0 1 0 0 0 0 1 1 0 1 1 1 1 0 0 0 1 0 0 1 1 0 1 1 0 1 1
 0 0 1]"
4,0.9546966718680808,"[1 1 1 1 1 1 1 0 1 1 0 1 0 0 0 0 1 1 0 1 1 1 1 0 0 0 1 0 0 1 1 0 1 1 0 1 1
 0 0 1]"
4,0.9546966718680808,"[1 1 1 1 1 1 1 0 1 1 0 1 0 0 0 0 1 1 0 1 1 1 1 0 0 0 1 0 0 1 1 0 1 1 0 1 1
 0 0 1]"
4,0.9546966718680808,"[1 1 1 1 1 1 1 0 1 1 0 1 0 0 0 0 1 1 0 1 1 1 1 0 0 0 1 0 0 1 1 0 1 1 0 1 1
 0 0 1]"
4,0.9546966718680808,"[1 1 1 1 1 1 1 0 1 1 0 1 0 0 0 0 1 1 0 1 1 1 1 0 0 0 1 0 0 1 1 0 1 1 0 1 1
 0 0 1]"
4,0.9546966718680808,"[1 1 1 1 1 1 1 0 1 1 0 1 0 0 0 0 1 1 0 1 1 1 1 0 0 0 1 0 0 1 1 0 1 1 0 1 1
 0 0 1]"
4,0.9546966718680808,"[1 1 1 1 1 1 1 0 1 1 0 1 0 0 0 0 1 1 0 1 1 1 1 0 0 0 1 0 0 1 1 0 1 1 0 1 1
 0 0 1]"
4,0.9546966718680808,"[1 1 1 1 1 1 1 0 1 1 0 1 0 0 0 0 1 1 0 1 1 1 1 0 0 0 1 0 0 1 1 0 1 1 0 1 1
 0 0 1]"
4,0.9546966718680808,"[1 1 1 1 1 1 1 0 1 1 0 1 0 0 0 0 1 1 0 1 1 1 1 0 0 0 1 0 0 1 1 0 1 1 0 1 1
 0 0 1]"
4,0.9546966718680808,"[1 1 1 1 1 1 1 0 1 1 0 1 0 0 0 0 1 1 0 1 1 1 1 0 0 0 1 0 0 1 1 0 1 1 0 1 1
 0 0 1]"
4,0.9546966718680808,"[1 1 1 1 1 1 1 0 1 1 0 1 0 0 0 0 1 1 0 1 1 1 1 0 0 0 1 0 0 1 1 0 1 1 0 1 1
 0 0 1]"
4,0.9546966718680808,"[1 1 1 1 1 1 1 0 1 1 0 1 0 0 0 0 1 1 0 1 1 1 1 0 0 0 1 0 0 1 1 0 1 1 0 1 1
 0 0 1]"
4,0.9546966718680808,"[1 1 1 1 1 1 1 0 1 1 0 1 0 0 0 0 1 1 0 1 1 1 1 0 0 0 1 0 0 1 1 0 1 1 0 1 1
 0 0 1]"
4,0.9546966718680808,"[1 1 1 1 1 1 1 0 1 1 0 1 0 0 0 0 1 1 0 1 1 1 1 0 0 0 1 0 0 1 1 0 1 1 0 1 1
 0 0 1]"
4,0.9546966718680808,"[1 1 1 1 1 1 1 0 1 1 0 1 0 0 0 0 1 1 0 1 1 1 1 0 0 0 1 0 0 1 1 0 1 1 0 1 1
 0 0 1]"
4,0.9546966718680808,"[1 1 1 1 1 1 1 0 1 1 0 1 0 0 0 0 1 1 0 1 1 1 1 0 0 0 1 0 0 1 1 0 1 1 0 1 1
 0 0 1]"
4,0.9546966718680808,"[1 1 1 1 1 1 1 0 1 1 0 1 0 0 0 0 1 1 0 1 1 1 1 0 0 0 1 0 0 1 1 0 1 1 0 1 1
 0 0 1]"
4,0.9546966718680808,"[1 1 1 1 1 1 1 0 1 1 0 1 0 0 0 0 1 1 0 1 1 1 1 0 0 0 1 0 0 1 1 0 1 1 0 1 1
 0 0 1]"
4,0.9546966718680808,"[1 1 1 1 1 1 1 0 1 1 0 1 0 0 0 0 1 1 0 1 1 1 1 0 0 0 1 0 0 1 1 0 1 1 0 1 1
 0 0 1]"
4,0.9546966718680808,"[1 1 1 1 1 1 1 0 1 1 0 1 0 0 0 0 1 1 0 1 1 1 1 0 0 0 1 0 0 1 1 0 1 1 0 1 1
 0 0 1]"
4,0.9546966718680808,"[1 1 1 1 1 1 1 0 1 1 0 1 0 0 0 0 1 1 0 1 1 1 1 0 0 0 1 0 0 1 1 0 1 1 0 1 1
 0 0 1]"
4,0.9546966718680808,"[1 1 1 1 1 1 1 0 1 1 0 1 0 0 0 0 1 1 0 1 1 1 1 0 0 0 1 0 0 1 1 0 1 1 0 1 1
 0 0 1]"
4,0.9546966718680808,"[1 1 1 1 1 1 1 0 1 1 0 1 0 0 0 0 1 1 0 1 1 1 1 0 0 0 1 0 0 1 1 0 1 1 0 1 1
 0 0 1]"
4,0.9546966718680808,"[1 1 1 1 1 1 1 0 1 1 0 1 0 0 0 0 1 1 0 1 1 1 1 0 0 0 1 0 0 1 1 0 1 1 0 1 1
 0 0 1]"
4,0.9546966718680808,"[1 1 1 1 1 1 1 0 1 1 0 1 0 0 0 0 1 1 0 1 1 1 1 0 0 0 1 0 0 1 1 0 1 1 0 1 1
 0 0 1]"
4,0.9546966718680808,"[1 1 1 1 1 1 1 0 1 1 0 1 0 0 0 0 1 1 0 1 1 1 1 0 0 0 1 0 0 1 1 0 1 1 0 1 1
 0 0 1]"
4,0.9546966718680808,"[1 1 1 1 1 1 1 0 1 1 0 1 0 0 0 0 1 1 0 1 1 1 1 0 0 0 1 0 0 1 1 0 1 1 0 1 1
 0 0 1]"
4,0.9546966718680808,"[1 1 1 1 1 1 1 0 1 1 0 1 0 0 0 0 1 1 0 1 1 1 1 0 0 0 1 0 0 1 1 0 1 1 0 1 1
 0 0 1]"
4,0.9546966718680808,"[1 1 1 1 1 1 1 0 1 1 0 1 0 0 0 0 1 1 0 1 1 1 1 0 0 0 1 0 0 1 1 0 1 1 0 1 1
 0 0 1]"
4,0.9546966718680808,"[1 1 1 1 1 1 1 0 1 1 0 1 0 0 0 0 1 1 0 1 1 1 1 0 0 0 1 0 0 1 1 0 1 1 0 1 1
 0 0 1]"
4,0.9546966718680808,"[1 1 1 1 1 1 1 0 1 1 0 1 0 0 0 0 1 1 0 1 1 1 1 0 0 0 1 0 0 1 1 0 1 1 0 1 1
 0 0 1]"
4,0.9546966718680808,"[1 1 1 1 1 1 1 0 1 1 0 1 0 0 0 0 1 1 0 1 1 1 1 0 0 0 1 0 0 1 1 0 1 1 0 1 1
 0 0 1]"
4,0.9546966718680808,"[1 1 1 1 1 1 1 0 1 1 0 1 0 0 0 0 1 1 0 1 1 1 1 0 0 0 1 0 0 1 1 0 1 1 0 1 1
 0 0 1]"
4,0.9546966718680808,"[1 1 1 1 1 1 1 0 1 1 0 1 0 0 0 0 1 1 0 1 1 1 1 0 0 0 1 0 0 1 1 0 1 1 0 1 1
 0 0 1]"
4,0.9546966718680808,"[1 1 1 1 1 1 1 0 1 1 0 1 0 0 0 0 1 1 0 1 1 1 1 0 0 0 1 0 0 1 1 0 1 1 0 1 1
 0 0 1]"
4,0.9546966718680808,"[1 1 1 1 1 1 1 0 1 1 0 1 0 0 0 0 1 1 0 1 1 1 1 0 0 0 1 0 0 1 1 0 1 1 0 1 1
 0 0 1]"
4,0.9546966718680808,"[1 1 1 1 1 1 1 0 1 1 0 1 0 0 0 0 1 1 0 1 1 1 1 0 0 0 1 0 0 1 1 0 1 1 0 1 1
 0 0 1]"
4,0.9546966718680808,"[1 1 1 1 1 1 1 0 1 1 0 1 0 0 0 0 1 1 0 1 1 1 1 0 0 0 1 0 0 1 1 0 1 1 0 1 1
 0 0 1]"
4,0.9546966718680808,"[1 1 1 1 1 1 1 0 1 1 0 1 0 0 0 0 1 1 0 1 1 1 1 0 0 0 1 0 0 1 1 0 1 1 0 1 1
 0 0 1]"
4,0.9546966718680808,"[1 1 1 1 1 1 1 0 1 1 0 1 0 0 0 0 1 1 0 1 1 1 1 0 0 0 1 0 0 1 1 0 1 1 0 1 1
 0 0 1]"
4,0.9546966718680808,"[1 1 1 1 1 1 1 0 1 1 0 1 0 0 0 0 1 1 0 1 1 1 1 0 0 0 1 0 0 1 1 0 1 1 0 1 1
 0 0 1]"
4,0.9546966718680808,"[1 1 1 1 1 1 1 0 1 1 0 1 0 0 0 0 1 1 0 1 1 1 1 0 0 0 1 0 0 1 1 0 1 1 0 1 1
 0 0 1]"
4,0.9546966718680808,"[1 1 1 1 1 1 1 0 1 1 0 1 0 0 0 0 1 1 0 1 1 1 1 0 0 0 1 0 0 1 1 0 1 1 0 1 1
 0 0 1]"
4,0.9546966718680808,"[1 1 1 1 1 1 1 0 1 1 0 1 0 0 0 0 1 1 0 1 1 1 1 0 0 0 1 0 0 1 1 0 1 1 0 1 1
 0 0 1]"
4,0.9546966718680808,"[1 1 1 1 1 1 1 0 1 1 0 1 0 0 0 0 1 1 0 1 1 1 1 0 0 0 1 0 0 1 1 0 1 1 0 1 1
 0 0 1]"
4,0.9546966718680808,"[1 1 1 1 1 1 1 0 1 1 0 1 0 0 0 0 1 1 0 1 1 1 1 0 0 0 1 0 0 1 1 0 1 1 0 1 1
 0 0 1]"
4,0.9546966718680808,"[1 1 1 1 1 1 1 0 1 1 0 1 0 0 0 0 1 1 0 1 1 1 1 0 0 0 1 0 0 1 1 0 1 1 0 1 1
 0 0 1]"
4,0.9546966718680808,"[1 1 1 1 1 1 1 0 1 1 0 1 0 0 0 0 1 1 0 1 1 1 1 0 0 0 1 0 0 1 1 0 1 1 0 1 1
 0 0 1]"
4,0.9546966718680808,"[1 1 1 1 1 1 1 0 1 1 0 1 0 0 0 0 1 1 0 1 1 1 1 0 0 0 1 0 0 1 1 0 1 1 0 1 1
 0 0 1]"
4,0.9546966718680808,"[1 1 1 1 1 1 1 0 1 1 0 1 0 0 0 0 1 1 0 1 1 1 1 0 0 0 1 0 0 1 1 0 1 1 0 1 1
 0 0 1]"
4,0.9546966718680808,"[1 1 1 1 1 1 1 0 1 1 0 1 0 0 0 0 1 1 0 1 1 1 1 0 0 0 1 0 0 1 1 0 1 1 0 1 1
 0 0 1]"
4,0.9546966718680808,"[1 1 1 1 1 1 1 0 1 1 0 1 0 0 0 0 1 1 0 1 1 1 1 0 0 0 1 0 0 1 1 0 1 1 0 1 1
 0 0 1]"
4,0.9546966718680808,"[1 1 1 1 1 1 1 0 1 1 0 1 0 0 0 0 1 1 0 1 1 1 1 0 0 0 1 0 0 1 1 0 1 1 0 1 1
 0 0 1]"
4,0.9546966718680808,"[1 1 1 1 1 1 1 0 1 1 0 1 0 0 0 0 1 1 0 1 1 1 1 0 0 0 1 0 0 1 1 0 1 1 0 1 1
 0 0 1]"
4,0.9546966718680808,"[1 1 1 1 1 1 1 0 1 1 0 1 0 0 0 0 1 1 0 1 1 1 1 0 0 0 1 0 0 1 1 0 1 1 0 1 1
 0 0 1]"
4,0.9546966718680808,"[1 1 1 1 1 1 1 0 1 1 0 1 0 0 0 0 1 1 0 1 1 1 1 0 0 0 1 0 0 1 1 0 1 1 0 1 1
 0 0 1]"
4,0.9546966718680808,"[1 1 1 1 1 1 1 0 1 1 0 1 0 0 0 0 1 1 0 1 1 1 1 0 0 0 1 0 0 1 1 0 1 1 0 1 1
 0 0 1]"
4,0.9546966718680808,"[1 1 1 1 1 1 1 0 1 1 0 1 0 0 0 0 1 1 0 1 1 1 1 0 0 0 1 0 0 1 1 0 1 1 0 1 1
 0 0 1]"
4,0.9546966718680808,"[1 1 1 1 1 1 1 0 1 1 0 1 0 0 0 0 1 1 0 1 1 1 1 0 0 0 1 0 0 1 1 0 1 1 0 1 1
 0 0 1]"
step,fitness,genome
5,0.9546966718680808,"[1 1 1 1 1 1 1 0 1 1 0 1 0 0 0 0 1 1 0 1 1 1 1 0 0 0 1 0 0 1 1 0 1 1 0 1 1
 0 0 1]"
5,0.9546966718680808,"[1 1 1 1 1 1 1 0 1 1 0 1 0 0 0 0 1 1 0 1 1 1 1 0 0 0 1 0 0 1 1 0 1 1 0 1 1
 0 0 1]"
5,0.9546966718680808,"[1 1 1 1 1 1 1 0 1 1 0 1 0 0 0 0 1 1 0 1 1 1 1 0 0 0 1 0 0 1 1 0 1 1 0 1 1
 0 0 1]"
5,0.9546966718680808,"[1 1 1 1 1 1 1 0 1 1 0 1 0 0 0 0 1 1 0 1 1 1 1 0 0 0 1 0 0 1 1 0 1 1 0 1 1
 0 0 1]"
5,0.9546966718680808,"[1 1 1 1 1 1 1 0 1 1 0 1 0 0 0 0 1 1 0 1 1 1 1 0 0 0 1 0 0 1 1 0 1 1 0 1 1
 0 0 1]"
5,0.9546966718680808,"[1 1 1 1 1 1 1 0 1 1 0 1 0 0 0 0 1 1 0 1 1 1 1 0 0 0 1 0 0 1 1 0 1 1 0 1 1
 0 0 1]"
5,0.9546966718680808,"[1 1 1 1 1 1 1 0 1 1 0 1 0 0 0 0 1 1 0 1 1 1 1 0 0 0 1 0 0 1 1 0 1 1 0 1 1
 0 0 1]"
5,0.9546966718680808,"[1 1 1 1 1 1 1 0 1 1 0 1 0 0 0 0 1 1 0 1 1 1 1 0 0 0 1 0 0 1 1 0 1 1 0 1 1
 0 0 1]"
5,0.9546966718680808,"[1 1 1 1 1 1 1 0 1 1 0 1 0 0 0 0 1 1 0 1 1 1 1 0 0 0 1 0 0 1 1 0 1 1 0 1 1
 0 0 1]"
5,0.9546966718680808,"[1 1 1 1 1 1 1 0 1 1 0 1 0 0 0 0 1 1 0 1 1 1 1 0 0 0 1 0 0 1 1 0 1 1 0 1 1
 0 0 1]"
5,0.9546966718680808,"[1 1 1 1 1 1 1 0 1 1 0 1 0 0 0 0 1 1 0 1 1 1 1 0 0 0 1 0 0 1 1 0 1 1 0 1 1
 0 0 1]"
5,0.9546966718680808,"[1 1 1 1 1 1 1 0 1 1 0 1 0 0 0 0 1 1 0 1 1 1 1 0 0 0 1 0 0 1 1 0 1 1 0 1 1
 0 0 1]"
5,0.9546966718680808,"[1 1 1 1 1 1 1 0 1 1 0 1 0 0 0 0 1 1 0 1 1 1 1 0 0 0 1 0 0 1 1 0 1 1 0 1 1
 0 0 1]"
5,0.9546966718680808,"[1 1 1 1 1 1 1 0 1 1 0 1 0 0 0 0 1 1 0 1 1 1 1 0 0 0 1 0 0 1 1 0 1 1 0 1 1
 0 0 1]"
5,0.9546966718680808,"[1 1 1 1 1 1 1 0 1 1 0 1 0 0 0 0 1 1 0 1 1 1 1 0 0 0 1 0 0 1 1 0 1 1 0 1 1
 0 0 1]"
5,0.9546966718680808,"[1 1 1 1 1 1 1 0 1 1 0 1 0 0 0 0 1 1 0 1 1 1 1 0 0 0 1 0 0 1 1 0 1 1 0 1 1
 0 0 1]"
5,0.9546966718680808,"[1 1 1 1 1 1 1 0 1 1 0 1 0 0 0 0 1 1 0 1 1 1 1 0 0 0 1 0 0 1 1 0 1 1 0 1 1
 0 0 1]"
5,0.9546966718680808,"[1 1 1 1 1 1 1 0 1 1 0 1 0 0 0 0 1 1 0 1 1 1 1 0 0 0 1 0 0 1 1 0 1 1 0 1 1
 0 0 1]"
5,0.9546966718680808,"[1 1 1 1 1 1 1 0 1 1 0 1 0 0 0 0 1 1 0 1 1 1 1 0 0 0 1 0 0 1 1 0 1 1 0 1 1
 0 0 1]"
5,0.9546966718680808,"[1 1 1 1 1 1 1 0 1 1 0 1 0 0 0 0 1 1 0 1 1 1 1 0 0 0 1 0 0 1 1 0 1 1 0 1 1
 0 0 1]"
5,0.9546966718680808,"[1 1 1 1 1 1 1 0 1 1 0 1 0 0 0 0 1 1 0 1 1 1 1 0 0 0 1 0 0 1 1 0 1 1 0 1 1
 0 0 1]"
5,0.9546966718680808,"[1 1 1 1 1 1 1 0 1 1 0 1 0 0 0 0 1 1 0 1 1 1 1 0 0 0 1 0 0 1 1 0 1 1 0 1 1
 0 0 1]"
5,0.9546966718680808,"[1 1 1 1 1 1 1 0 1 1 0 1 0 0 0 0 1 1 0 1 1 1 1 0 0 0 1 0 0 1 1 0 1 1 0 1 1
 0 0 1]"
5,0.9546966718680808,"[1 1 1 1 1 1 1 0 1 1 0 1 0 0 0 0 1 1 0 1 1 1 1 0 0 0 1 0 0 1 1 0 1 1 0 1 1
 0 0 1]"
5,0.9546966718680808,"[1 1 1 1 1 1 1 0 1 1 0 1 0 0 0 0 1 1 0 1 1 1 1 0 0 0 1 0 0 1 1 0 1 1 0 1 1
 0 0 1]"
5,0.9546966718680808,"[1 1 1 1 1 1 1 0 1 1 0 1 0 0 0 0 1 1 0 1 1 1 1 0 0 0 1 0 0 1 1 0 1 1 0 1 1
 0 0 1]"
5,0.9546966718680808,"[1 1 1 1 1 1 1 0 1 1 0 1 0 0 0 0 1 1 0 1 1 1 1 0 0 0 1 0 0 1 1 0 1 1 0 1 1
 0 0 1]"
5,0.9546966718680808,"[1 1 1 1 1 1 1 0 1 1 0 1 0 0 0 0 1 1 0 1 1 1 1 0 0 0 1 0 0 1 1 0 1 1 0 1 1
 0 0 1]"
5,0.9546966718680808,"[1 1 1 1 1 1 1 0 1 1 0 1 0 0 0 0 1 1 0 1 1 1 1 0 0 0 1 0 0 1 1 0 1 1 0 1 1
 0 0 1]"
5,0.9546966718680808,"[1 1 1 1 1 1 1 0 1 1 0 1 0 0 0 0 1 1 0 1 1 1 1 0 0 0 1 0 0 1 1 0 1 1 0 1 1
 0 0 1]"
5,0.9546966718680808,"[1 1 1 1 1 1 1 0 1 1 0 1 0 0 0 0 1 1 0 1 1 1 1 0 0 0 1 0 0 1 1 0 1 1 0 1 1
 0 0 1]"
5,0.9546966718680808,"[1 1 1 1 1 1 1 0 1 1 0 1 0 0 0 0 1 1 0 1 1 1 1 0 0 0 1 0 0 1 1 0 1 1 0 1 1
 0 0 1]"
5,0.9546966718680808,"[1 1 1 1 1 1 1 0 1 1 0 1 0 0 0 0 1 1 0 1 1 1 1 0 0 0 1 0 0 1 1 0 1 1 0 1 1
 0 0 1]"
5,0.9546966718680808,"[1 1 1 1 1 1 1 0 1 1 0 1 0 0 0 0 1 1 0 1 1 1 1 0 0 0 1 0 0 1 1 0 1 1 0 1 1
 0 0 1]"
5,0.9546966718680808,"[1 1 1 1 1 1 1 0 1 1 0 1 0 0 0 0 1 1 0 1 1 1 1 0 0 0 1 0 0 1 1 0 1 1 0 1 1
 0 0 1]"
5,0.9546966718680808,"[1 1 1 1 1 1 1 0 1 1 0 1 0 0 0 0 1 1 0 1 1 1 1 0 0 0 1 0 0 1 1 0 1 1 0 1 1
 0 0 1]"
5,0.9546966718680808,"[1 1 1 1 1 1 1 0 1 1 0 1 0 0 0 0 1 1 0 1 1 1 1 0 0 0 1 0 0 1 1 0 1 1 0 1 1
 0 0 1]"
5,0.9546966718680808,"[1 1 1 1 1 1 1 0 1 1 0 1 0 0 0 0 1 1 0 1 1 1 1 0 0 0 1 0 0 1 1 0 1 1 0 1 1
 0 0 1]"
5,0.9546966718680808,"[1 1 1 1 1 1 1 0 1 1 0 1 0 0 0 0 1 1 0 1 1 1 1 0 0 0 1 0 0 1 1 0 1 1 0 1 1
 0 0 1]"
5,0.9546966718680808,"[1 1 1 1 1 1 1 0 1 1 0 1 0 0 0 0 1 1 0 1 1 1 1 0 0 0 1 0 0 1 1 0 1 1 0 1 1
 0 0 1]"
5,0.9546966718680808,"[1 1 1 1 1 1 1 0 1 1 0 1 0 0 0 0 1 1 0 1 1 1 1 0 0 0 1 0 0 1 1 0 1 1 0 1 1
 0 0 1]"
5,0.9546966718680808,"[1 1 1 1 1 1 1 0 1 1 0 1 0 0 0 0 1 1 0 1 1 1 1 0 0 0 1 0 0 1 1 0 1 1 0 1 1
 0 0 1]"
5,0.9546966718680808,"[1 1 1 1 1 1 1 0 1 1 0 1 0 0 0 0 1 1 0 1 1 1 1 0 0 0 1 0 0 1 1 0 1 1 0 1 1
 0 0 1]"
5,0.9546966718680808,"[1 1 1 1 1 1 1 0 1 1 0 1 0 0 0 0 1 1 0 1 1 1 1 0 0 0 1 0 0 1 1 0 1 1 0 1 1
 0 0 1]"
5,0.9546966718680808,"[1 1 1 1 1 1 1 0 1 1 0 1 0 0 0 0 1 1 0 1 1 1 1 0 0 0 1 0 0 1 1 0 1 1 0 1 1
 0 0 1]"
5,0.9546966718680808,"[1 1 1 1 1 1 1 0 1 1 0 1 0 0 0 0 1 1 0 1 1 1 1 0 0 0 1 0 0 1 1 0 1 1 0 1 1
 0 0 1]"
5,0.9546966718680808,"[1 1 1 1 1 1 1 0 1 1 0 1 0 0 0 0 1 1 0 1 1 1 1 0 0 0 1 0 0 1 1 0 1 1 0 1 1
 0 0 1]"
5,0.9546966718680808,"[1 1 1 1 1 1 1 0 1 1 0 1 0 0 0 0 1 1 0 1 1 1 1 0 0 0 1 0 0 1 1 0 1 1 0 1 1
 0 0 1]"
5,0.9546966718680808,"[1 1 1 1 1 1 1 0 1 1 0 1 0 0 0 0 1 1 0 1 1 1 1 0 0 0 1 0 0 1 1 0 1 1 0 1 1
 0 0 1]"
5,0.9546966718680808,"[1 1 1 1 1 1 1 0 1 1 0 1 0 0 0 0 1 1 0 1 1 1 1 0 0 0 1 0 0 1 1 0 1 1 0 1 1
 0 0 1]"
5,0.9546966718680808,"[1 1 1 1 1 1 1 0 1 1 0 1 0 0 0 0 1 1 0 1 1 1 1 0 0 0 1 0 0 1 1 0 1 1 0 1 1
 0 0 1]"
5,0.9546966718680808,"[1 1 1 1 1 1 1 0 1 1 0 1 0 0 0 0 1 1 0 1 1 1 1 0 0 0 1 0 0 1 1 0 1 1 0 1 1
 0 0 1]"
5,0.9546966718680808,"[1 1 1 1 1 1 1 0 1 1 0 1 0 0 0 0 1 1 0 1 1 1 1 0 0 0 1 0 0 1 1 0 1 1 0 1 1
 0 0 1]"
5,0.9546966718680808,"[1 1 1 1 1 1 1 0 1 1 0 1 0 0 0 0 1 1 0 1 1 1 1 0 0 0 1 0 0 1 1 0 1 1 0 1 1
 0 0 1]"
5,0.9546966718680808,"[1 1 1 1 1 1 1 0 1 1 0 1 0 0 0 0 1 1 0 1 1 1 1 0 0 0 1 0 0 1 1 0 1 1 0 1 1
 0 0 1]"
5,0.9546966718680808,"[1 1 1 1 1 1 1 0 1 1 0 1 0 0 0 0 1 1 0 1 1 1 1 0 0 0 1 0 0 1 1 0 1 1 0 1 1
 0 0 1]"
5,0.9546966718680808,"[1 1 1 1 1 1 1 0 1 1 0 1 0 0 0 0 1 1 0 1 1 1 1 0 0 0 1 0 0 1 1 0 1 1 0 1 1
 0 0 1]"
5,0.9546966718680808,"[1 1 1 1 1 1 1 0 1 1 0 1 0 0 0 0 1 1 0 1 1 1 1 0 0 0 1 0 0 1 1 0 1 1 0 1 1
 0 0 1]"
5,0.9546966718680808,"[1 1 1 1 1 1 1 0 1 1 0 1 0 0 0 0 1 1 0 1 1 1 1 0 0 0 1 0 0 1 1 0 1 1 0 1 1
 0 0 1]"
5,0.9546966718680808,"[1 1 1 1 1 1 1 0 1 1 0 1 0 0 0 0 1 1 0 1 1 1 1 0 0 0 1 0 0 1 1 0 1 1 0 1 1
 0 0 1]"
5,0.9546966718680808,"[1 1 1 1 1 1 1 0 1 1 0 1 0 0 0 0 1 1 0 1 1 1 1 0 0 0 1 0 0 1 1 0 1 1 0 1 1
 0 0 1]"
5,0.9546966718680808,"[1 1 1 1 1 1 1 0 1 1 0 1 0 0 0 0 1 1 0 1 1 1 1 0 0 0 1 0 0 1 1 0 1 1 0 1 1
 0 0 1]"
5,0.9546966718680808,"[1 1 1 1 1 1 1 0 1 1 0 1 0 0 0 0 1 1 0 1 1 1 1 0 0 0 1 0 0 1 1 0 1 1 0 1 1
 0 0 1]"
5,0.9546966718680808,"[1 1 1 1 1 1 1 0 1 1 0 1 0 0 0 0 1 1 0 1 1 1 1 0 0 0 1 0 0 1 1 0 1 1 0 1 1
 0 0 1]"
5,0.9546966718680808,"[1 1 1 1 1 1 1 0 1 1 0 1 0 0 0 0 1 1 0 1 1 1 1 0 0 0 1 0 0 1 1 0 1 1 0 1 1
 0 0 1]"
5,0.9546966718680808,"[1 1 1 1 1 1 1 0 1 1 0 1 0 0 0 0 1 1 0 1 1 1 1 0 0 0 1 0 0 1 1 0 1 1 0 1 1
 0 0 1]"
5,0.9546966718680808,"[1 1 1 1 1 1 1 0 1 1 0 1 0 0 0 0 1 1 0 1 1 1 1 0 0 0 1 0 0 1 1 0 1 1 0 1 1
 0 0 1]"
5,0.9546966718680808,"[1 1 1 1 1 1 1 0 1 1 0 1 0 0 0 0 1 1 0 1 1 1 1 0 0 0 1 0 0 1 1 0 1 1 0 1 1
 0 0 1]"
5,0.9546966718680808,"[1 1 1 1 1 1 1 0 1 1 0 1 0 0 0 0 1 1 0 1 1 1 1 0 0 0 1 0 0 1 1 0 1 1 0 1 1
 0 0 1]"
5,0.9546966718680808,"[1 1 1 1 1 1 1 0 1 1 0 1 0 0 0 0 1 1 0 1 1 1 1 0 0 0 1 0 0 1 1 0 1 1 0 1 1
 0 0 1]"
5,0.9546966718680808,"[1 1 1 1 1 1 1 0 1 1 0 1 0 0 0 0 1 1 0 1 1 1 1 0 0 0 1 0 0 1 1 0 1 1 0 1 1
 0 0 1]"
5,0.9546966718680808,"[1 1 1 1 1 1 1 0 1 1 0 1 0 0 0 0 1 1 0 1 1 1 1 0 0 0 1 0 0 1 1 0 1 1 0 1 1
 0 0 1]"
5,0.9546966718680808,"[1 1 1 1 1 1 1 0 1 1 0 1 0 0 0 0 1 1 0 1 1 1 1 0 0 0 1 0 0 1 1 0 1 1 0 1 1
 0 0 1]"
5,0.9546966718680808,"[1 1 1 1 1 1 1 0 1 1 0 1 0 0 0 0 1 1 0 1 1 1 1 0 0 0 1 0 0 1 1 0 1 1 0 1 1
 0 0 1]"
5,0.9546966718680808,"[1 1 1 1 1 1 1 0 1 1 0 1 0 0 0 0 1 1 0 1 1 1 1 0 0 0 1 0 0 1 1 0 1 1 0 1 1
 0 0 1]"
step,fitness,genome
6,0.9546966718680808,"[1 1 1 1 1 1 1 0 1 1 0 1 0 0 0 0 1 1 0 1 1 1 1 0 0 0 1 0 0 1 1 0 1 1 0 1 1
 0 0 1]"
6,0.9546966718680808,"[1 1 1 1 1 1 1 0 1 1 0 1 0 0 0 0 1 1 0 1 1 1 1 0 0 0 1 0 0 1 1 0 1 1 0 1 1
 0 0 1]"
6,0.9546966718680808,"[1 1 1 1 1 1 1 0 1 1 0 1 0 0 0 0 1 1 0 1 1 1 1 0 0 0 1 0 0 1 1 0 1 1 0 1 1
 0 0 1]"
6,0.9546966718680808,"[1 1 1 1 1 1 1 0 1 1 0 1 0 0 0 0 1 1 0 1 1 1 1 0 0 0 1 0 0 1 1 0 1 1 0 1 1
 0 0 1]"
6,0.9546966718680808,"[1 1 1 1 1 1 1 0 1 1 0 1 0 0 0 0 1 1 0 1 1 1 1 0 0 0 1 0 0 1 1 0 1 1 0 1 1
 0 0 1]"
6,0.9546966718680808,"[1 1 1 1 1 1 1 0 1 1 0 1 0 0 0 0 1 1 0 1 1 1 1 0 0 0 1 0 0 1 1 0 1 1 0 1 1
 0 0 1]"
6,0.9546966718680808,"[1 1 1 1 1 1 1 0 1 1 0 1 0 0 0 0 1 1 0 1 1 1 1 0 0 0 1 0 0 1 1 0 1 1 0 1 1
 0 0 1]"
6,0.9546966718680808,"[1 1 1 1 1 1 1 0 1 1 0 1 0 0 0 0 1 1 0 1 1 1 1 0 0 0 1 0 0 1 1 0 1 1 0 1 1
 0 0 1]"
6,0.9546966718680808,"[1 1 1 1 1 1 1 0 1 1 0 1 0 0 0 0 1 1 0 1 1 1 1 0 0 0 1 0 0 1 1 0 1 1 0 1 1
 0 0 1]"
6,0.9546966718680808,"[1 1 1 1 1 1 1 0 1 1 0 1 0 0 0 0 1 1 0 1 1 1 1 0 0 0 1 0 0 1 1 0 1 1 0 1 1
 0 0 1]"
6,0.9546966718680808,"[1 1 1 1 1 1 1 0 1 1 0 1 0 0 0 0 1 1 0 1 1 1 1 0 0 0 1 0 0 1 1 0 1 1 0 1 1
 0 0 1]"
6,0.9546966718680808,"[1 1 1 1 1 1 1 0 1 1 0 1 0 0 0 0 1 1 0 1 1 1 1 0 0 0 1 0 0 1 1 0 1 1 0 1 1
 0 0 1]"
6,0.9546966718680808,"[1 1 1 1 1 1 1 0 1 1 0 1 0 0 0 0 1 1 0 1 1 1 1 0 0 0 1 0 0 1 1 0 1 1 0 1 1
 0 0 1]"
6,0.9546966718680808,"[1 1 1 1 1 1 1 0 1 1 0 1 0 0 0 0 1 1 0 1 1 1 1 0 0 0 1 0 0 1 1 0 1 1 0 1 1
 0 0 1]"
6,0.9546966718680808,"[1 1 1 1 1 1 1 0 1 1 0 1 0 0 0 0 1 1 0 1 1 1 1 0 0 0 1 0 0 1 1 0 1 1 0 1 1
 0 0 1]"
6,0.9546966718680808,"[1 1 1 1 1 1 1 0 1 1 0 1 0 0 0 0 1 1 0 1 1 1 1 0 0 0 1 0 0 1 1 0 1 1 0 1 1
 0 0 1]"
6,0.9546966718680808,"[1 1 1 1 1 1 1 0 1 1 0 1 0 0 0 0 1 1 0 1 1 1 1 0 0 0 1 0 0 1 1 0 1 1 0 1 1
 0 0 1]"
6,0.9546966718680808,"[1 1 1 1 1 1 1 0 1 1 0 1 0 0 0 0 1 1 0 1 1 1 1 0 0 0 1 0 0 1 1 0 1 1 0 1 1
 0 0 1]"
6,0.9546966718680808,"[1 1 1 1 1 1 1 0 1 1 0 1 0 0 0 0 1 1 0 1 1 1 1 0 0 0 1 0 0 1 1 0 1 1 0 1 1
 0 0 1]"
6,0.9546966718680808,"[1 1 1 1 1 1 1 0 1 1 0 1 0 0 0 0 1 1 0 1 1 1 1 0 0 0 1 0 0 1 1 0 1 1 0 1 1
 0 0 1]"
6,0.9546966718680808,"[1 1 1 1 1 1 1 0 1 1 0 1 0 0 0 0 1 1 0 1 1 1 1 0 0 0 1 0 0 1 1 0 1 1 0 1 1
 0 0 1]"
6,0.9546966718680808,"[1 1 1 1 1 1 1 0 1 1 0 1 0 0 0 0 1 1 0 1 1 1 1 0 0 0 1 0 0 1 1 0 1 1 0 1 1
 0 0 1]"
6,0.9546966718680808,"[1 1 1 1 1 1 1 0 1 1 0 1 0 0 0 0 1 1 0 1 1 1 1 0 0 0 1 0 0 1 1 0 1 1 0 1 1
 0 0 1]"
6,0.9546966718680808,"[1 1 1 1 1 1 1 0 1 1 0 1 0 0 0 0 1 1 0 1 1 1 1 0 0 0 1 0 0 1 1 0 1 1 0 1 1
 0 0 1]"
6,0.9546966718680808,"[1 1 1 1 1 1 1 0 1 1 0 1 0 0 0 0 1 1 0 1 1 1 1 0 0 0 1 0 0 1 1 0 1 1 0 1 1
 0 0 1]"
6,0.9546966718680808,"[1 1 1 1 1 1 1 0 1 1 0 1 0 0 0 0 1 1 0 1 1 1 1 0 0 0 1 0 0 1 1 0 1 1 0 1 1
 0 0 1]"
6,0.9546966718680808,"[1 1 1 1 1 1 1 0 1 1 0 1 0 0 0 0 1 1 0 1 1 1 1 0 0 0 1 0 0 1 1 0 1 1 0 1 1
 0 0 1]"
6,0.9546966718680808,"[1 1 1 1 1 1 1 0 1 1 0 1 0 0 0 0 1 1 0 1 1 1 1 0 0 0 1 0 0 1 1 0 1 1 0 1 1
 0 0 1]"
6,0.9546966718680808,"[1 1 1 1 1 1 1 0 1 1 0 1 0 0 0 0 1 1 0 1 1 1 1 0 0 0 1 0 0 1 1 0 1 1 0 1 1
 0 0 1]"
6,0.9546966718680808,"[1 1 1 1 1 1 1 0 1 1 0 1 0 0 0 0 1 1 0 1 1 1 1 0 0 0 1 0 0 1 1 0 1 1 0 1 1
 0 0 1]"
6,0.9546966718680808,"[1 1 1 1 1 1 1 0 1 1 0 1 0 0 0 0 1 1 0 1 1 1 1 0 0 0 1 0 0 1 1 0 1 1 0 1 1
 0 0 1]"
6,0.9546966718680808,"[1 1 1 1 1 1 1 0 1 1 0 1 0 0 0 0 1 1 0 1 1 1 1 0 0 0 1 0 0 1 1 0 1 1 0 1 1
 0 0 1]"
6,0.9546966718680808,"[1 1 1 1 1 1 1 0 1 1 0 1 0 0 0 0 1 1 0 1 1 1 1 0 0 0 1 0 0 1 1 0 1 1 0 1 1
 0 0 1]"
6,0.9546966718680808,"[1 1 1 1 1 1 1 0 1 1 0 1 0 0 0 0 1 1 0 1 1 1 1 0 0 0 1 0 0 1 1 0 1 1 0 1 1
 0 0 1]"
6,0.9546966718680808,"[1 1 1 1 1 1 1 0 1 1 0 1 0 0 0 0 1 1 0 1 1 1 1 0 0 0 1 0 0 1 1 0 1 1 0 1 1
 0 0 1]"
6,0.9546966718680808,"[1 1 1 1 1 1 1 0 1 1 0 1 0 0 0 0 1 1 0 1 1 1 1 0 0 0 1 0 0 1 1 0 1 1 0 1 1
 0 0 1]"
6,0.9546966718680808,"[1 1 1 1 1 1 1 0 1 1 0 1 0 0 0 0 1 1 0 1 1 1 1 0 0 0 1 0 0 1 1 0 1 1 0 1 1
 0 0 1]"
6,0.9546966718680808,"[1 1 1 1 1 1 1 0 1 1 0 1 0 0 0 0 1 1 0 1 1 1 1 0 0 0 1 0 0 1 1 0 1 1 0 1 1
 0 0 1]"
6,0.9546966718680808,"[1 1 1 1 1 1 1 0 1 1 0 1 0 0 0 0 1 1 0 1 1 1 1 0 0 0 1 0 0 1 1 0 1 1 0 1 1
 0 0 1]"
6,0.9546966718680808,"[1 1 1 1 1 1 1 0 1 1 0 1 0 0 0 0 1 1 0 1 1 1 1 0 0 0 1 0 0 1 1 0 1 1 0 1 1
 0 0 1]"
6,0.9546966718680808,"[1 1 1 1 1 1 1 0 1 1 0 1 0 0 0 0 1 1 0 1 1 1 1 0 0 0 1 0 0 1 1 0 1 1 0 1 1
 0 0 1]"
6,0.9546966718680808,"[1 1 1 1 1 1 1 0 1 1 0 1 0 0 0 0 1 1 0 1 1 1 1 0 0 0 1 0 0 1 1 0 1 1 0 1 1
 0 0 1]"
6,0.9546966718680808,"[1 1 1 1 1 1 1 0 1 1 0 1 0 0 0 0 1 1 0 1 1 1 1 0 0 0 1 0 0 1 1 0 1 1 0 1 1
 0 0 1]"
6,0.9546966718680808,"[1 1 1 1 1 1 1 0 1 1 0 1 0 0 0 0 1 1 0 1 1 1 1 0 0 0 1 0 0 1 1 0 1 1 0 1 1
 0 0 1]"
6,0.9546966718680808,"[1 1 1 1 1 1 1 0 1 1 0 1 0 0 0 0 1 1 0 1 1 1 1 0 0 0 1 0 0 1 1 0 1 1 0 1 1
 0 0 1]"
6,0.9546966718680808,"[1 1 1 1 1 1 1 0 1 1 0 1 0 0 0 0 1 1 0 1 1 1 1 0 0 0 1 0 0 1 1 0 1 1 0 1 1
 0 0 1]"
6,0.9546966718680808,"[1 1 1 1 1 1 1 0 1 1 0 1 0 0 0 0 1 1 0 1 1 1 1 0 0 0 1 0 0 1 1 0 1 1 0 1 1
 0 0 1]"
6,0.9546966718680808,"[1 1 1 1 1 1 1 0 1 1 0 1 0 0 0 0 1 1 0 1 1 1 1 0 0 0 1 0 0 1 1 0 1 1 0 1 1
 0 0 1]"
6,0.9546966718680808,"[1 1 1 1 1 1 1 0 1 1 0 1 0 0 0 0 1 1 0 1 1 1 1 0 0 0 1 0 0 1 1 0 1 1 0 1 1
 0 0 1]"
6,0.9546966718680808,"[1 1 1 1 1 1 1 0 1 1 0 1 0 0 0 0 1 1 0 1 1 1 1 0 0 0 1 0 0 1 1 0 1 1 0 1 1
 0 0 1]"
6,0.9546966718680808,"[1 1 1 1 1 1 1 0 1 1 0 1 0 0 0 0 1 1 0 1 1 1 1 0 0 0 1 0 0 1 1 0 1 1 0 1 1
 0 0 1]"
6,0.9546966718680808,"[1 1 1 1 1 1 1 0 1 1 0 1 0 0 0 0 1 1 0 1 1 1 1 0 0 0 1 0 0 1 1 0 1 1 0 1 1
 0 0 1]"
6,0.9546966718680808,"[1 1 1 1 1 1 1 0 1 1 0 1 0 0 0 0 1 1 0 1 1 1 1 0 0 0 1 0 0 1 1 0 1 1 0 1 1
 0 0 1]"
6,0.9546966718680808,"[1 1 1 1 1 1 1 0 1 1 0 1 0 0 0 0 1 1 0 1 1 1 1 0 0 0 1 0 0 1 1 0 1 1 0 1 1
 0 0 1]"
6,0.9546966718680808,"[1 1 1 1 1 1 1 0 1 1 0 1 0 0 0 0 1 1 0 1 1 1 1 0 0 0 1 0 0 1 1 0 1 1 0 1 1
 0 0 1]"
6,0.9546966718680808,"[1 1 1 1 1 1 1 0 1 1 0 1 0 0 0 0 1 1 0 1 1 1 1 0 0 0 1 0 0 1 1 0 1 1 0 1 1
 0 0 1]"
6,0.9546966718680808,"[1 1 1 1 1 1 1 0 1 1 0 1 0 0 0 0 1 1 0 1 1 1 1 0 0 0 1 0 0 1 1 0 1 1 0 1 1
 0 0 1]"
6,0.9546966718680808,"[1 1 1 1 1 1 1 0 1 1 0 1 0 0 0 0 1 1 0 1 1 1 1 0 0 0 1 0 0 1 1 0 1 1 0 1 1
 0 0 1]"
6,0.9546966718680808,"[1 1 1 1 1 1 1 0 1 1 0 1 0 0 0 0 1 1 0 1 1 1 1 0 0 0 1 0 0 1 1 0 1 1 0 1 1
 0 0 1]"
6,0.9546966718680808,"[1 1 1 1 1 1 1 0 1 1 0 1 0 0 0 0 1 1 0 1 1 1 1 0 0 0 1 0 0 1 1 0 1 1 0 1 1
 0 0 1]"
6,0.9546966718680808,"[1 1 1 1 1 1 1 0 1 1 0 1 0 0 0 0 1 1 0 1 1 1 1 0 0 0 1 0 0 1 1 0 1 1 0 1 1
 0 0 1]"
6,0.9546966718680808,"[1 1 1 1 1 1 1 0 1 1 0 1 0 0 0 0 1 1 0 1 1 1 1 0 0 0 1 0 0 1 1 0 1 1 0 1 1
 0 0 1]"
6,0.9546966718680808,"[1 1 1 1 1 1 1 0 1 1 0 1 0 0 0 0 1 1 0 1 1 1 1 0 0 0 1 0 0 1 1 0 1 1 0 1 1
 0 0 1]"
6,0.9546966718680808,"[1 1 1 1 1 1 1 0 1 1 0 1 0 0 0 0 1 1 0 1 1 1 1 0 0 0 1 0 0 1 1 0 1 1 0 1 1
 0 0 1]"
6,0.9546966718680808,"[1 1 1 1 1 1 1 0 1 1 0 1 0 0 0 0 1 1 0 1 1 1 1 0 0 0 1 0 0 1 1 0 1 1 0 1 1
 0 0 1]"
6,0.9546966718680808,"[1 1 1 1 1 1 1 0 1 1 0 1 0 0 0 0 1 1 0 1 1 1 1 0 0 0 1 0 0 1 1 0 1 1 0 1 1
 0 0 1]"
6,0.9546966718680808,"[1 1 1 1 1 1 1 0 1 1 0 1 0 0 0 0 1 1 0 1 1 1 1 0 0 0 1 0 0 1 1 0 1 1 0 1 1
 0 0 1]"
6,0.9546966718680808,"[1 1 1 1 1 1 1 0 1 1 0 1 0 0 0 0 1 1 0 1 1 1 1 0 0 0 1 0 0 1 1 0 1 1 0 1 1
 0 0 1]"
6,0.9546966718680808,"[1 1 1 1 1 1 1 0 1 1 0 1 0 0 0 0 1 1 0 1 1 1 1 0 0 0 1 0 0 1 1 0 1 1 0 1 1
 0 0 1]"
6,0.9546966718680808,"[1 1 1 1 1 1 1 0 1 1 0 1 0 0 0 0 1 1 0 1 1 1 1 0 0 0 1 0 0 1 1 0 1 1 0 1 1
 0 0 1]"
6,0.9546966718680808,"[1 1 1 1 1 1 1 0 1 1 0 1 0 0 0 0 1 1 0 1 1 1 1 0 0 0 1 0 0 1 1 0 1 1 0 1 1
 0 0 1]"
6,0.9546966718680808,"[1 1 1 1 1 1 1 0 1 1 0 1 0 0 0 0 1 1 0 1 1 1 1 0 0 0 1 0 0 1 1 0 1 1 0 1 1
 0 0 1]"
6,0.9546966718680808,"[1 1 1 1 1 1 1 0 1 1 0 1 0 0 0 0 1 1 0 1 1 1 1 0 0 0 1 0 0 1 1 0 1 1 0 1 1
 0 0 1]"
6,0.9546966718680808,"[1 1 1 1 1 1 1 0 1 1 0 1 0 0 0 0 1 1 0 1 1 1 1 0 0 0 1 0 0 1 1 0 1 1 0 1 1
 0 0 1]"
6,0.9546966718680808,"[1 1 1 1 1 1 1 0 1 1 0 1 0 0 0 0 1 1 0 1 1 1 1 0 0 0 1 0 0 1 1 0 1 1 0 1 1
 0 0 1]"
step,fitness,genome
7,0.9546966718680808,"[1 1 1 1 1 1 1 0 1 1 0 1 0 0 0 0 1 1 0 1 1 1 1 0 0 0 1 0 0 1 1 0 1 1 0 1 1
 0 0 1]"
7,0.9546966718680808,"[1 1 1 1 1 1 1 0 1 1 0 1 0 0 0 0 1 1 0 1 1 1 1 0 0 0 1 0 0 1 1 0 1 1 0 1 1
 0 0 1]"
7,0.9546966718680808,"[1 1 1 1 1 1 1 0 1 1 0 1 0 0 0 0 1 1 0 1 1 1 1 0 0 0 1 0 0 1 1 0 1 1 0 1 1
 0 0 1]"
7,0.9546966718680808,"[1 1 1 1 1 1 1 0 1 1 0 1 0 0 0 0 1 1 0 1 1 1 1 0 0 0 1 0 0 1 1 0 1 1 0 1 1
 0 0 1]"
7,0.9546966718680808,"[1 1 1 1 1 1 1 0 1 1 0 1 0 0 0 0 1 1 0 1 1 1 1 0 0 0 1 0 0 1 1 0 1 1 0 1 1
 0 0 1]"
7,0.9546966718680808,"[1 1 1 1 1 1 1 0 1 1 0 1 0 0 0 0 1 1 0 1 1 1 1 0 0 0 1 0 0 1 1 0 1 1 0 1 1
 0 0 1]"
7,0.9546966718680808,"[1 1 1 1 1 1 1 0 1 1 0 1 0 0 0 0 1 1 0 1 1 1 1 0 0 0 1 0 0 1 1 0 1 1 0 1 1
 0 0 1]"
7,0.9546966718680808,"[1 1 1 1 1 1 1 0 1 1 0 1 0 0 0 0 1 1 0 1 1 1 1 0 0 0 1 0 0 1 1 0 1 1 0 1 1
 0 0 1]"
7,0.9546966718680808,"[1 1 1 1 1 1 1 0 1 1 0 1 0 0 0 0 1 1 0 1 1 1 1 0 0 0 1 0 0 1 1 0 1 1 0 1 1
 0 0 1]"
7,0.9546966718680808,"[1 1 1 1 1 1 1 0 1 1 0 1 0 0 0 0 1 1 0 1 1 1 1 0 0 0 1 0 0 1 1 0 1 1 0 1 1
 0 0 1]"
7,0.9546966718680808,"[1 1 1 1 1 1 1 0 1 1 0 1 0 0 0 0 1 1 0 1 1 1 1 0 0 0 1 0 0 1 1 0 1 1 0 1 1
 0 0 1]"
7,0.9546966718680808,"[1 1 1 1 1 1 1 0 1 1 0 1 0 0 0 0 1 1 0 1 1 1 1 0 0 0 1 0 0 1 1 0 1 1 0 1 1
 0 0 1]"
7,0.9546966718680808,"[1 1 1 1 1 1 1 0 1 1 0 1 0 0 0 0 1 1 0 1 1 1 1 0 0 0 1 0 0 1 1 0 1 1 0 1 1
 0 0 1]"
7,0.9546966718680808,"[1 1 1 1 1 1 1 0 1 1 0 1 0 0 0 0 1 1 0 1 1 1 1 0 0 0 1 0 0 1 1 0 1 1 0 1 1
 0 0 1]"
7,0.9546966718680808,"[1 1 1 1 1 1 1 0 1 1 0 1 0 0 0 0 1 1 0 1 1 1 1 0 0 0 1 0 0 1 1 0 1 1 0 1 1
 0 0 1]"
7,0.9546966718680808,"[1 1 1 1 1 1 1 0 1 1 0 1 0 0 0 0 1 1 0 1 1 1 1 0 0 0 1 0 0 1 1 0 1 1 0 1 1
 0 0 1]"
7,0.9546966718680808,"[1 1 1 1 1 1 1 0 1 1 0 1 0 0 0 0 1 1 0 1 1 1 1 0 0 0 1 0 0 1 1 0 1 1 0 1 1
 0 0 1]"
7,0.9546966718680808,"[1 1 1 1 1 1 1 0 1 1 0 1 0 0 0 0 1 1 0 1 1 1 1 0 0 0 1 0 0 1 1 0 1 1 0 1 1
 0 0 1]"
7,0.9546966718680808,"[1 1 1 1 1 1 1 0 1 1 0 1 0 0 0 0 1 1 0 1 1 1 1 0 0 0 1 0 0 1 1 0 1 1 0 1 1
 0 0 1]"
7,0.9546966718680808,"[1 1 1 1 1 1 1 0 1 1 0 1 0 0 0 0 1 1 0 1 1 1 1 0 0 0 1 0 0 1 1 0 1 1 0 1 1
 0 0 1]"
7,0.9546966718680808,"[1 1 1 1 1 1 1 0 1 1 0 1 0 0 0 0 1 1 0 1 1 1 1 0 0 0 1 0 0 1 1 0 1 1 0 1 1
 0 0 1]"
7,0.9546966718680808,"[1 1 1 1 1 1 1 0 1 1 0 1 0 0 0 0 1 1 0 1 1 1 1 0 0 0 1 0 0 1 1 0 1 1 0 1 1
 0 0 1]"
7,0.9546966718680808,"[1 1 1 1 1 1 1 0 1 1 0 1 0 0 0 0 1 1 0 1 1 1 1 0 0 0 1 0 0 1 1 0 1 1 0 1 1
 0 0 1]"
7,0.9546966718680808,"[1 1 1 1 1 1 1 0 1 1 0 1 0 0 0 0 1 1 0 1 1 1 1 0 0 0 1 0 0 1 1 0 1 1 0 1 1
 0 0 1]"
7,0.9546966718680808,"[1 1 1 1 1 1 1 0 1 1 0 1 0 0 0 0 1 1 0 1 1 1 1 0 0 0 1 0 0 1 1 0 1 1 0 1 1
 0 0 1]"
7,0.9546966718680808,"[1 1 1 1 1 1 1 0 1 1 0 1 0 0 0 0 1 1 0 1 1 1 1 0 0 0 1 0 0 1 1 0 1 1 0 1 1
 0 0 1]"
7,0.9546966718680808,"[1 1 1 1 1 1 1 0 1 1 0 1 0 0 0 0 1 1 0 1 1 1 1 0 0 0 1 0 0 1 1 0 1 1 0 1 1
 0 0 1]"
7,0.9546966718680808,"[1 1 1 1 1 1 1 0 1 1 0 1 0 0 0 0 1 1 0 1 1 1 1 0 0 0 1 0 0 1 1 0 1 1 0 1 1
 0 0 1]"
7,0.9546966718680808,"[1 1 1 1 1 1 1 0 1 1 0 1 0 0 0 0 1 1 0 1 1 1 1 0 0 0 1 0 0 1 1 0 1 1 0 1 1
 0 0 1]"
7,0.9546966718680808,"[1 1 1 1 1 1 1 0 1 1 0 1 0 0 0 0 1 1 0 1 1 1 1 0 0 0 1 0 0 1 1 0 1 1 0 1 1
 0 0 1]"
7,0.9546966718680808,"[1 1 1 1 1 1 1 0 1 1 0 1 0 0 0 0 1 1 0 1 1 1 1 0 0 0 1 0 0 1 1 0 1 1 0 1 1
 0 0 1]"
7,0.9546966718680808,"[1 1 1 1 1 1 1 0 1 1 0 1 0 0 0 0 1 1 0 1 1 1 1 0 0 0 1 0 0 1 1 0 1 1 0 1 1
 0 0 1]"
7,0.9546966718680808,"[1 1 1 1 1 1 1 0 1 1 0 1 0 0 0 0 1 1 0 1 1 1 1 0 0 0 1 0 0 1 1 0 1 1 0 1 1
 0 0 1]"
7,0.9546966718680808,"[1 1 1 1 1 1 1 0 1 1 0 1 0 0 0 0 1 1 0 1 1 1 1 0 0 0 1 0 0 1 1 0 1 1 0 1 1
 0 0 1]"
7,0.9546966718680808,"[1 1 1 1 1 1 1 0 1 1 0 1 0 0 0 0 1 1 0 1 1 1 1 0 0 0 1 0 0 1 1 0 1 1 0 1 1
 0 0 1]"
7,0.9546966718680808,"[1 1 1 1 1 1 1 0 1 1 0 1 0 0 0 0 1 1 0 1 1 1 1 0 0 0 1 0 0 1 1 0 1 1 0 1 1
 0 0 1]"
7,0.9546966718680808,"[1 1 1 1 1 1 1 0 1 1 0 1 0 0 0 0 1 1 0 1 1 1 1 0 0 0 1 0 0 1 1 0 1 1 0 1 1
 0 0 1]"
7,0.9546966718680808,"[1 1 1 1 1 1 1 0 1 1 0 1 0 0 0 0 1 1 0 1 1 1 1 0 0 0 1 0 0 1 1 0 1 1 0 1 1
 0 0 1]"
7,0.9546966718680808,"[1 1 1 1 1 1 1 0 1 1 0 1 0 0 0 0 1 1 0 1 1 1 1 0 0 0 1 0 0 1 1 0 1 1 0 1 1
 0 0 1]"
7,0.9546966718680808,"[1 1 1 1 1 1 1 0 1 1 0 1 0 0 0 0 1 1 0 1 1 1 1 0 0 0 1 0 0 1 1 0 1 1 0 1 1
 0 0 1]"
7,0.9546966718680808,"[1 1 1 1 1 1 1 0 1 1 0 1 0 0 0 0 1 1 0 1 1 1 1 0 0 0 1 0 0 1 1 0 1 1 0 1 1
 0 0 1]"
7,0.9546966718680808,"[1 1 1 1 1 1 1 0 1 1 0 1 0 0 0 0 1 1 0 1 1 1 1 0 0 0 1 0 0 1 1 0 1 1 0 1 1
 0 0 1]"
7,0.9546966718680808,"[1 1 1 1 1 1 1 0 1 1 0 1 0 0 0 0 1 1 0 1 1 1 1 0 0 0 1 0 0 1 1 0 1 1 0 1 1
 0 0 1]"
7,0.9546966718680808,"[1 1 1 1 1 1 1 0 1 1 0 1 0 0 0 0 1 1 0 1 1 1 1 0 0 0 1 0 0 1 1 0 1 1 0 1 1
 0 0 1]"
7,0.9546966718680808,"[1 1 1 1 1 1 1 0 1 1 0 1 0 0 0 0 1 1 0 1 1 1 1 0 0 0 1 0 0 1 1 0 1 1 0 1 1
 0 0 1]"
7,0.9546966718680808,"[1 1 1 1 1 1 1 0 1 1 0 1 0 0 0 0 1 1 0 1 1 1 1 0 0 0 1 0 0 1 1 0 1 1 0 1 1
 0 0 1]"
7,0.9546966718680808,"[1 1 1 1 1 1 1 0 1 1 0 1 0 0 0 0 1 1 0 1 1 1 1 0 0 0 1 0 0 1 1 0 1 1 0 1 1
 0 0 1]"
7,0.9546966718680808,"[1 1 1 1 1 1 1 0 1 1 0 1 0 0 0 0 1 1 0 1 1 1 1 0 0 0 1 0 0 1 1 0 1 1 0 1 1
 0 0 1]"
7,0.9546966718680808,"[1 1 1 1 1 1 1 0 1 1 0 1 0 0 0 0 1 1 0 1 1 1 1 0 0 0 1 0 0 1 1 0 1 1 0 1 1
 0 0 1]"
7,0.9546966718680808,"[1 1 1 1 1 1 1 0 1 1 0 1 0 0 0 0 1 1 0 1 1 1 1 0 0 0 1 0 0 1 1 0 1 1 0 1 1
 0 0 1]"
7,0.9546966718680808,"[1 1 1 1 1 1 1 0 1 1 0 1 0 0 0 0 1 1 0 1 1 1 1 0 0 0 1 0 0 1 1 0 1 1 0 1 1
 0 0 1]"
7,0.9546966718680808,"[1 1 1 1 1 1 1 0 1 1 0 1 0 0 0 0 1 1 0 1 1 1 1 0 0 0 1 0 0 1 1 0 1 1 0 1 1
 0 0 1]"
7,0.9546966718680808,"[1 1 1 1 1 1 1 0 1 1 0 1 0 0 0 0 1 1 0 1 1 1 1 0 0 0 1 0 0 1 1 0 1 1 0 1 1
 0 0 1]"
7,0.9546966718680808,"[1 1 1 1 1 1 1 0 1 1 0 1 0 0 0 0 1 1 0 1 1 1 1 0 0 0 1 0 0 1 1 0 1 1 0 1 1
 0 0 1]"
7,0.9546966718680808,"[1 1 1 1 1 1 1 0 1 1 0 1 0 0 0 0 1 1 0 1 1 1 1 0 0 0 1 0 0 1 1 0 1 1 0 1 1
 0 0 1]"
7,0.9546966718680808,"[1 1 1 1 1 1 1 0 1 1 0 1 0 0 0 0 1 1 0 1 1 1 1 0 0 0 1 0 0 1 1 0 1 1 0 1 1
 0 0 1]"
7,0.9546966718680808,"[1 1 1 1 1 1 1 0 1 1 0 1 0 0 0 0 1 1 0 1 1 1 1 0 0 0 1 0 0 1 1 0 1 1 0 1 1
 0 0 1]"
7,0.9546966718680808,"[1 1 1 1 1 1 1 0 1 1 0 1 0 0 0 0 1 1 0 1 1 1 1 0 0 0 1 0 0 1 1 0 1 1 0 1 1
 0 0 1]"
7,0.9546966718680808,"[1 1 1 1 1 1 1 0 1 1 0 1 0 0 0 0 1 1 0 1 1 1 1 0 0 0 1 0 0 1 1 0 1 1 0 1 1
 0 0 1]"
7,0.9546966718680808,"[1 1 1 1 1 1 1 0 1 1 0 1 0 0 0 0 1 1 0 1 1 1 1 0 0 0 1 0 0 1 1 0 1 1 0 1 1
 0 0 1]"
7,0.9546966718680808,"[1 1 1 1 1 1 1 0 1 1 0 1 0 0 0 0 1 1 0 1 1 1 1 0 0 0 1 0 0 1 1 0 1 1 0 1 1
 0 0 1]"
7,0.9546966718680808,"[1 1 1 1 1 1 1 0 1 1 0 1 0 0 0 0 1 1 0 1 1 1 1 0 0 0 1 0 0 1 1 0 1 1 0 1 1
 0 0 1]"
7,0.9546966718680808,"[1 1 1 1 1 1 1 0 1 1 0 1 0 0 0 0 1 1 0 1 1 1 1 0 0 0 1 0 0 1 1 0 1 1 0 1 1
 0 0 1]"
7,0.9546966718680808,"[1 1 1 1 1 1 1 0 1 1 0 1 0 0 0 0 1 1 0 1 1 1 1 0 0 0 1 0 0 1 1 0 1 1 0 1 1
 0 0 1]"
7,0.9546966718680808,"[1 1 1 1 1 1 1 0 1 1 0 1 0 0 0 0 1 1 0 1 1 1 1 0 0 0 1 0 0 1 1 0 1 1 0 1 1
 0 0 1]"
7,0.9546966718680808,"[1 1 1 1 1 1 1 0 1 1 0 1 0 0 0 0 1 1 0 1 1 1 1 0 0 0 1 0 0 1 1 0 1 1 0 1 1
 0 0 1]"
7,0.9546966718680808,"[1 1 1 1 1 1 1 0 1 1 0 1 0 0 0 0 1 1 0 1 1 1 1 0 0 0 1 0 0 1 1 0 1 1 0 1 1
 0 0 1]"
7,0.9546966718680808,"[1 1 1 1 1 1 1 0 1 1 0 1 0 0 0 0 1 1 0 1 1 1 1 0 0 0 1 0 0 1 1 0 1 1 0 1 1
 0 0 1]"
7,0.9546966718680808,"[1 1 1 1 1 1 1 0 1 1 0 1 0 0 0 0 1 1 0 1 1 1 1 0 0 0 1 0 0 1 1 0 1 1 0 1 1
 0 0 1]"
7,0.9546966718680808,"[1 1 1 1 1 1 1 0 1 1 0 1 0 0 0 0 1 1 0 1 1 1 1 0 0 0 1 0 0 1 1 0 1 1 0 1 1
 0 0 1]"
7,0.9546966718680808,"[1 1 1 1 1 1 1 0 1 1 0 1 0 0 0 0 1 1 0 1 1 1 1 0 0 0 1 0 0 1 1 0 1 1 0 1 1
 0 0 1]"
7,0.9546966718680808,"[1 1 1 1 1 1 1 0 1 1 0 1 0 0 0 0 1 1 0 1 1 1 1 0 0 0 1 0 0 1 1 0 1 1 0 1 1
 0 0 1]"
7,0.9546966718680808,"[1 1 1 1 1 1 1 0 1 1 0 1 0 0 0 0 1 1 0 1 1 1 1 0 0 0 1 0 0 1 1 0 1 1 0 1 1
 0 0 1]"
7,0.9546966718680808,"[1 1 1 1 1 1 1 0 1 1 0 1 0 0 0 0 1 1 0 1 1 1 1 0 0 0 1 0 0 1 1 0 1 1 0 1 1
 0 0 1]"
7,0.9546966718680808,"[1 1 1 1 1 1 1 0 1 1 0 1 0 0 0 0 1 1 0 1 1 1 1 0 0 0 1 0 0 1 1 0 1 1 0 1 1
 0 0 1]"
step,fitness,genome
8,0.9546966718680808,"[1 1 1 1 1 1 1 0 1 1 0 1 0 0 0 0 1 1 0 1 1 1 1 0 0 0 1 0 0 1 1 0 1 1 0 1 1
 0 0 1]"
8,0.9546966718680808,"[1 1 1 1 1 1 1 0 1 1 0 1 0 0 0 0 1 1 0 1 1 1 1 0 0 0 1 0 0 1 1 0 1 1 0 1 1
 0 0 1]"
8,0.9546966718680808,"[1 1 1 1 1 1 1 0 1 1 0 1 0 0 0 0 1 1 0 1 1 1 1 0 0 0 1 0 0 1 1 0 1 1 0 1 1
 0 0 1]"
8,0.9546966718680808,"[1 1 1 1 1 1 1 0 1 1 0 1 0 0 0 0 1 1 0 1 1 1 1 0 0 0 1 0 0 1 1 0 1 1 0 1 1
 0 0 1]"
8,0.9546966718680808,"[1 1 1 1 1 1 1 0 1 1 0 1 0 0 0 0 1 1 0 1 1 1 1 0 0 0 1 0 0 1 1 0 1 1 0 1 1
 0 0 1]"
8,0.9546966718680808,"[1 1 1 1 1 1 1 0 1 1 0 1 0 0 0 0 1 1 0 1 1 1 1 0 0 0 1 0 0 1 1 0 1 1 0 1 1
 0 0 1]"
8,0.9546966718680808,"[1 1 1 1 1 1 1 0 1 1 0 1 0 0 0 0 1 1 0 1 1 1 1 0 0 0 1 0 0 1 1 0 1 1 0 1 1
 0 0 1]"
8,0.9546966718680808,"[1 1 1 1 1 1 1 0 1 1 0 1 0 0 0 0 1 1 0 1 1 1 1 0 0 0 1 0 0 1 1 0 1 1 0 1 1
 0 0 1]"
8,0.9546966718680808,"[1 1 1 1 1 1 1 0 1 1 0 1 0 0 0 0 1 1 0 1 1 1 1 0 0 0 1 0 0 1 1 0 1 1 0 1 1
 0 0 1]"
8,0.9546966718680808,"[1 1 1 1 1 1 1 0 1 1 0 1 0 0 0 0 1 1 0 1 1 1 1 0 0 0 1 0 0 1 1 0 1 1 0 1 1
 0 0 1]"
8,0.9546966718680808,"[1 1 1 1 1 1 1 0 1 1 0 1 0 0 0 0 1 1 0 1 1 1 1 0 0 0 1 0 0 1 1 0 1 1 0 1 1
 0 0 1]"
8,0.9546966718680808,"[1 1 1 1 1 1 1 0 1 1 0 1 0 0 0 0 1 1 0 1 1 1 1 0 0 0 1 0 0 1 1 0 1 1 0 1 1
 0 0 1]"
8,0.9546966718680808,"[1 1 1 1 1 1 1 0 1 1 0 1 0 0 0 0 1 1 0 1 1 1 1 0 0 0 1 0 0 1 1 0 1 1 0 1 1
 0 0 1]"
8,0.9546966718680808,"[1 1 1 1 1 1 1 0 1 1 0 1 0 0 0 0 1 1 0 1 1 1 1 0 0 0 1 0 0 1 1 0 1 1 0 1 1
 0 0 1]"
8,0.9546966718680808,"[1 1 1 1 1 1 1 0 1 1 0 1 0 0 0 0 1 1 0 1 1 1 1 0 0 0 1 0 0 1 1 0 1 1 0 1 1
 0 0 1]"
8,0.9546966718680808,"[1 1 1 1 1 1 1 0 1 1 0 1 0 0 0 0 1 1 0 1 1 1 1 0 0 0 1 0 0 1 1 0 1 1 0 1 1
 0 0 1]"
8,0.9546966718680808,"[1 1 1 1 1 1 1 0 1 1 0 1 0 0 0 0 1 1 0 1 1 1 1 0 0 0 1 0 0 1 1 0 1 1 0 1 1
 0 0 1]"
8,0.9546966718680808,"[1 1 1 1 1 1 1 0 1 1 0 1 0 0 0 0 1 1 0 1 1 1 1 0 0 0 1 0 0 1 1 0 1 1 0 1 1
 0 0 1]"
8,0.9546966718680808,"[1 1 1 1 1 1 1 0 1 1 0 1 0 0 0 0 1 1 0 1 1 1 1 0 0 0 1 0 0 1 1 0 1 1 0 1 1
 0 0 1]"
8,0.9546966718680808,"[1 1 1 1 1 1 1 0 1 1 0 1 0 0 0 0 1 1 0 1 1 1 1 0 0 0 1 0 0 1 1 0 1 1 0 1 1
 0 0 1]"
8,0.9546966718680808,"[1 1 1 1 1 1 1 0 1 1 0 1 0 0 0 0 1 1 0 1 1 1 1 0 0 0 1 0 0 1 1 0 1 1 0 1 1
 0 0 1]"
8,0.9546966718680808,"[1 1 1 1 1 1 1 0 1 1 0 1 0 0 0 0 1 1 0 1 1 1 1 0 0 0 1 0 0 1 1 0 1 1 0 1 1
 0 0 1]"
8,0.9546966718680808,"[1 1 1 1 1 1 1 0 1 1 0 1 0 0 0 0 1 1 0 1 1 1 1 0 0 0 1 0 0 1 1 0 1 1 0 1 1
 0 0 1]"
8,0.9546966718680808,"[1 1 1 1 1 1 1 0 1 1 0 1 0 0 0 0 1 1 0 1 1 1 1 0 0 0 1 0 0 1 1 0 1 1 0 1 1
 0 0 1]"
8,0.9546966718680808,"[1 1 1 1 1 1 1 0 1 1 0 1 0 0 0 0 1 1 0 1 1 1 1 0 0 0 1 0 0 1 1 0 1 1 0 1 1
 0 0 1]"
8,0.9546966718680808,"[1 1 1 1 1 1 1 0 1 1 0 1 0 0 0 0 1 1 0 1 1 1 1 0 0 0 1 0 0 1 1 0 1 1 0 1 1
 0 0 1]"
8,0.9546966718680808,"[1 1 1 1 1 1 1 0 1 1 0 1 0 0 0 0 1 1 0 1 1 1 1 0 0 0 1 0 0 1 1 0 1 1 0 1 1
 0 0 1]"
8,0.9546966718680808,"[1 1 1 1 1 1 1 0 1 1 0 1 0 0 0 0 1 1 0 1 1 1 1 0 0 0 1 0 0 1 1 0 1 1 0 1 1
 0 0 1]"
8,0.9546966718680808,"[1 1 1 1 1 1 1 0 1 1 0 1 0 0 0 0 1 1 0 1 1 1 1 0 0 0 1 0 0 1 1 0 1 1 0 1 1
 0 0 1]"
8,0.9546966718680808,"[1 1 1 1 1 1 1 0 1 1 0 1 0 0 0 0 1 1 0 1 1 1 1 0 0 0 1 0 0 1 1 0 1 1 0 1 1
 0 0 1]"
8,0.9546966718680808,"[1 1 1 1 1 1 1 0 1 1 0 1 0 0 0 0 1 1 0 1 1 1 1 0 0 0 1 0 0 1 1 0 1 1 0 1 1
 0 0 1]"
8,0.9546966718680808,"[1 1 1 1 1 1 1 0 1 1 0 1 0 0 0 0 1 1 0 1 1 1 1 0 0 0 1 0 0 1 1 0 1 1 0 1 1
 0 0 1]"
8,0.9546966718680808,"[1 1 1 1 1 1 1 0 1 1 0 1 0 0 0 0 1 1 0 1 1 1 1 0 0 0 1 0 0 1 1 0 1 1 0 1 1
 0 0 1]"
8,0.9546966718680808,"[1 1 1 1 1 1 1 0 1 1 0 1 0 0 0 0 1 1 0 1 1 1 1 0 0 0 1 0 0 1 1 0 1 1 0 1 1
 0 0 1]"
8,0.9546966718680808,"[1 1 1 1 1 1 1 0 1 1 0 1 0 0 0 0 1 1 0 1 1 1 1 0 0 0 1 0 0 1 1 0 1 1 0 1 1
 0 0 1]"
8,0.9546966718680808,"[1 1 1 1 1 1 1 0 1 1 0 1 0 0 0 0 1 1 0 1 1 1 1 0 0 0 1 0 0 1 1 0 1 1 0 1 1
 0 0 1]"
8,0.9546966718680808,"[1 1 1 1 1 1 1 0 1 1 0 1 0 0 0 0 1 1 0 1 1 1 1 0 0 0 1 0 0 1 1 0 1 1 0 1 1
 0 0 1]"
8,0.9546966718680808,"[1 1 1 1 1 1 1 0 1 1 0 1 0 0 0 0 1 1 0 1 1 1 1 0 0 0 1 0 0 1 1 0 1 1 0 1 1
 0 0 1]"
8,0.9546966718680808,"[1 1 1 1 1 1 1 0 1 1 0 1 0 0 0 0 1 1 0 1 1 1 1 0 0 0 1 0 0 1 1 0 1 1 0 1 1
 0 0 1]"
8,0.9546966718680808,"[1 1 1 1 1 1 1 0 1 1 0 1 0 0 0 0 1 1 0 1 1 1 1 0 0 0 1 0 0 1 1 0 1 1 0 1 1
 0 0 1]"
8,0.9546966718680808,"[1 1 1 1 1 1 1 0 1 1 0 1 0 0 0 0 1 1 0 1 1 1 1 0 0 0 1 0 0 1 1 0 1 1 0 1 1
 0 0 1]"
8,0.9546966718680808,"[1 1 1 1 1 1 1 0 1 1 0 1 0 0 0 0 1 1 0 1 1 1 1 0 0 0 1 0 0 1 1 0 1 1 0 1 1
 0 0 1]"
8,0.9546966718680808,"[1 1 1 1 1 1 1 0 1 1 0 1 0 0 0 0 1 1 0 1 1 1 1 0 0 0 1 0 0 1 1 0 1 1 0 1 1
 0 0 1]"
8,0.9546966718680808,"[1 1 1 1 1 1 1 0 1 1 0 1 0 0 0 0 1 1 0 1 1 1 1 0 0 0 1 0 0 1 1 0 1 1 0 1 1
 0 0 1]"
8,0.9546966718680808,"[1 1 1 1 1 1 1 0 1 1 0 1 0 0 0 0 1 1 0 1 1 1 1 0 0 0 1 0 0 1 1 0 1 1 0 1 1
 0 0 1]"
8,0.9546966718680808,"[1 1 1 1 1 1 1 0 1 1 0 1 0 0 0 0 1 1 0 1 1 1 1 0 0 0 1 0 0 1 1 0 1 1 0 1 1
 0 0 1]"
8,0.9546966718680808,"[1 1 1 1 1 1 1 0 1 1 0 1 0 0 0 0 1 1 0 1 1 1 1 0 0 0 1 0 0 1 1 0 1 1 0 1 1
 0 0 1]"
8,0.9546966718680808,"[1 1 1 1 1 1 1 0 1 1 0 1 0 0 0 0 1 1 0 1 1 1 1 0 0 0 1 0 0 1 1 0 1 1 0 1 1
 0 0 1]"
8,0.9546966718680808,"[1 1 1 1 1 1 1 0 1 1 0 1 0 0 0 0 1 1 0 1 1 1 1 0 0 0 1 0 0 1 1 0 1 1 0 1 1
 0 0 1]"
8,0.9546966718680808,"[1 1 1 1 1 1 1 0 1 1 0 1 0 0 0 0 1 1 0 1 1 1 1 0 0 0 1 0 0 1 1 0 1 1 0 1 1
 0 0 1]"
8,0.9546966718680808,"[1 1 1 1 1 1 1 0 1 1 0 1 0 0 0 0 1 1 0 1 1 1 1 0 0 0 1 0 0 1 1 0 1 1 0 1 1
 0 0 1]"
8,0.9546966718680808,"[1 1 1 1 1 1 1 0 1 1 0 1 0 0 0 0 1 1 0 1 1 1 1 0 0 0 1 0 0 1 1 0 1 1 0 1 1
 0 0 1]"
8,0.9546966718680808,"[1 1 1 1 1 1 1 0 1 1 0 1 0 0 0 0 1 1 0 1 1 1 1 0 0 0 1 0 0 1 1 0 1 1 0 1 1
 0 0 1]"
8,0.9546966718680808,"[1 1 1 1 1 1 1 0 1 1 0 1 0 0 0 0 1 1 0 1 1 1 1 0 0 0 1 0 0 1 1 0 1 1 0 1 1
 0 0 1]"
8,0.9546966718680808,"[1 1 1 1 1 1 1 0 1 1 0 1 0 0 0 0 1 1 0 1 1 1 1 0 0 0 1 0 0 1 1 0 1 1 0 1 1
 0 0 1]"
8,0.9546966718680808,"[1 1 1 1 1 1 1 0 1 1 0 1 0 0 0 0 1 1 0 1 1 1 1 0 0 0 1 0 0 1 1 0 1 1 0 1 1
 0 0 1]"
8,0.9546966718680808,"[1 1 1 1 1 1 1 0 1 1 0 1 0 0 0 0 1 1 0 1 1 1 1 0 0 0 1 0 0 1 1 0 1 1 0 1 1
 0 0 1]"
8,0.9546966718680808,"[1 1 1 1 1 1 1 0 1 1 0 1 0 0 0 0 1 1 0 1 1 1 1 0 0 0 1 0 0 1 1 0 1 1 0 1 1
 0 0 1]"
8,0.9546966718680808,"[1 1 1 1 1 1 1 0 1 1 0 1 0 0 0 0 1 1 0 1 1 1 1 0 0 0 1 0 0 1 1 0 1 1 0 1 1
 0 0 1]"
8,0.9546966718680808,"[1 1 1 1 1 1 1 0 1 1 0 1 0 0 0 0 1 1 0 1 1 1 1 0 0 0 1 0 0 1 1 0 1 1 0 1 1
 0 0 1]"
8,0.9546966718680808,"[1 1 1 1 1 1 1 0 1 1 0 1 0 0 0 0 1 1 0 1 1 1 1 0 0 0 1 0 0 1 1 0 1 1 0 1 1
 0 0 1]"
8,0.9546966718680808,"[1 1 1 1 1 1 1 0 1 1 0 1 0 0 0 0 1 1 0 1 1 1 1 0 0 0 1 0 0 1 1 0 1 1 0 1 1
 0 0 1]"
8,0.9546966718680808,"[1 1 1 1 1 1 1 0 1 1 0 1 0 0 0 0 1 1 0 1 1 1 1 0 0 0 1 0 0 1 1 0 1 1 0 1 1
 0 0 1]"
8,0.9546966718680808,"[1 1 1 1 1 1 1 0 1 1 0 1 0 0 0 0 1 1 0 1 1 1 1 0 0 0 1 0 0 1 1 0 1 1 0 1 1
 0 0 1]"
8,0.9546966718680808,"[1 1 1 1 1 1 1 0 1 1 0 1 0 0 0 0 1 1 0 1 1 1 1 0 0 0 1 0 0 1 1 0 1 1 0 1 1
 0 0 1]"
8,0.9546966718680808,"[1 1 1 1 1 1 1 0 1 1 0 1 0 0 0 0 1 1 0 1 1 1 1 0 0 0 1 0 0 1 1 0 1 1 0 1 1
 0 0 1]"
8,0.9546966718680808,"[1 1 1 1 1 1 1 0 1 1 0 1 0 0 0 0 1 1 0 1 1 1 1 0 0 0 1 0 0 1 1 0 1 1 0 1 1
 0 0 1]"
8,0.9546966718680808,"[1 1 1 1 1 1 1 0 1 1 0 1 0 0 0 0 1 1 0 1 1 1 1 0 0 0 1 0 0 1 1 0 1 1 0 1 1
 0 0 1]"
8,0.9546966718680808,"[1 1 1 1 1 1 1 0 1 1 0 1 0 0 0 0 1 1 0 1 1 1 1 0 0 0 1 0 0 1 1 0 1 1 0 1 1
 0 0 1]"
8,0.9546966718680808,"[1 1 1 1 1 1 1 0 1 1 0 1 0 0 0 0 1 1 0 1 1 1 1 0 0 0 1 0 0 1 1 0 1 1 0 1 1
 0 0 1]"
8,0.9546966718680808,"[1 1 1 1 1 1 1 0 1 1 0 1 0 0 0 0 1 1 0 1 1 1 1 0 0 0 1 0 0 1 1 0 1 1 0 1 1
 0 0 1]"
8,0.9546966718680808,"[1 1 1 1 1 1 1 0 1 1 0 1 0 0 0 0 1 1 0 1 1 1 1 0 0 0 1 0 0 1 1 0 1 1 0 1 1
 0 0 1]"
8,0.9546966718680808,"[1 1 1 1 1 1 1 0 1 1 0 1 0 0 0 0 1 1 0 1 1 1 1 0 0 0 1 0 0 1 1 0 1 1 0 1 1
 0 0 1]"
8,0.9546966718680808,"[1 1 1 1 1 1 1 0 1 1 0 1 0 0 0 0 1 1 0 1 1 1 1 0 0 0 1 0 0 1 1 0 1 1 0 1 1
 0 0 1]"
8,0.9546966718680808,"[1 1 1 1 1 1 1 0 1 1 0 1 0 0 0 0 1 1 0 1 1 1 1 0 0 0 1 0 0 1 1 0 1 1 0 1 1
 0 0 1]"
step,fitness,genome
9,0.9546966718680808,"[1 1 1 1 1 1 1 0 1 1 0 1 0 0 0 0 1 1 0 1 1 1 1 0 0 0 1 0 0 1 1 0 1 1 0 1 1
 0 0 1]"
9,0.9546966718680808,"[1 1 1 1 1 1 1 0 1 1 0 1 0 0 0 0 1 1 0 1 1 1 1 0 0 0 1 0 0 1 1 0 1 1 0 1 1
 0 0 1]"
9,0.9546966718680808,"[1 1 1 1 1 1 1 0 1 1 0 1 0 0 0 0 1 1 0 1 1 1 1 0 0 0 1 0 0 1 1 0 1 1 0 1 1
 0 0 1]"
9,0.9546966718680808,"[1 1 1 1 1 1 1 0 1 1 0 1 0 0 0 0 1 1 0 1 1 1 1 0 0 0 1 0 0 1 1 0 1 1 0 1 1
 0 0 1]"
9,0.9546966718680808,"[1 1 1 1 1 1 1 0 1 1 0 1 0 0 0 0 1 1 0 1 1 1 1 0 0 0 1 0 0 1 1 0 1 1 0 1 1
 0 0 1]"
9,0.9546966718680808,"[1 1 1 1 1 1 1 0 1 1 0 1 0 0 0 0 1 1 0 1 1 1 1 0 0 0 1 0 0 1 1 0 1 1 0 1 1
 0 0 1]"
9,0.9546966718680808,"[1 1 1 1 1 1 1 0 1 1 0 1 0 0 0 0 1 1 0 1 1 1 1 0 0 0 1 0 0 1 1 0 1 1 0 1 1
 0 0 1]"
9,0.9546966718680808,"[1 1 1 1 1 1 1 0 1 1 0 1 0 0 0 0 1 1 0 1 1 1 1 0 0 0 1 0 0 1 1 0 1 1 0 1 1
 0 0 1]"
9,0.9546966718680808,"[1 1 1 1 1 1 1 0 1 1 0 1 0 0 0 0 1 1 0 1 1 1 1 0 0 0 1 0 0 1 1 0 1 1 0 1 1
 0 0 1]"
9,0.9546966718680808,"[1 1 1 1 1 1 1 0 1 1 0 1 0 0 0 0 1 1 0 1 1 1 1 0 0 0 1 0 0 1 1 0 1 1 0 1 1
 0 0 1]"
9,0.9546966718680808,"[1 1 1 1 1 1 1 0 1 1 0 1 0 0 0 0 1 1 0 1 1 1 1 0 0 0 1 0 0 1 1 0 1 1 0 1 1
 0 0 1]"
9,0.9546966718680808,"[1 1 1 1 1 1 1 0 1 1 0 1 0 0 0 0 1 1 0 1 1 1 1 0 0 0 1 0 0 1 1 0 1 1 0 1 1
 0 0 1]"
9,0.9546966718680808,"[1 1 1 1 1 1 1 0 1 1 0 1 0 0 0 0 1 1 0 1 1 1 1 0 0 0 1 0 0 1 1 0 1 1 0 1 1
 0 0 1]"
9,0.9546966718680808,"[1 1 1 1 1 1 1 0 1 1 0 1 0 0 0 0 1 1 0 1 1 1 1 0 0 0 1 0 0 1 1 0 1 1 0 1 1
 0 0 1]"
9,0.9546966718680808,"[1 1 1 1 1 1 1 0 1 1 0 1 0 0 0 0 1 1 0 1 1 1 1 0 0 0 1 0 0 1 1 0 1 1 0 1 1
 0 0 1]"
9,0.9546966718680808,"[1 1 1 1 1 1 1 0 1 1 0 1 0 0 0 0 1 1 0 1 1 1 1 0 0 0 1 0 0 1 1 0 1 1 0 1 1
 0 0 1]"
9,0.9546966718680808,"[1 1 1 1 1 1 1 0 1 1 0 1 0 0 0 0 1 1 0 1 1 1 1 0 0 0 1 0 0 1 1 0 1 1 0 1 1
 0 0 1]"
9,0.9546966718680808,"[1 1 1 1 1 1 1 0 1 1 0 1 0 0 0 0 1 1 0 1 1 1 1 0 0 0 1 0 0 1 1 0 1 1 0 1 1
 0 0 1]"
9,0.9546966718680808,"[1 1 1 1 1 1 1 0 1 1 0 1 0 0 0 0 1 1 0 1 1 1 1 0 0 0 1 0 0 1 1 0 1 1 0 1 1
 0 0 1]"
9,0.9546966718680808,"[1 1 1 1 1 1 1 0 1 1 0 1 0 0 0 0 1 1 0 1 1 1 1 0 0 0 1 0 0 1 1 0 1 1 0 1 1
 0 0 1]"
9,0.9546966718680808,"[1 1 1 1 1 1 1 0 1 1 0 1 0 0 0 0 1 1 0 1 1 1 1 0 0 0 1 0 0 1 1 0 1 1 0 1 1
 0 0 1]"
9,0.9546966718680808,"[1 1 1 1 1 1 1 0 1 1 0 1 0 0 0 0 1 1 0 1 1 1 1 0 0 0 1 0 0 1 1 0 1 1 0 1 1
 0 0 1]"
9,0.9546966718680808,"[1 1 1 1 1 1 1 0 1 1 0 1 0 0 0 0 1 1 0 1 1 1 1 0 0 0 1 0 0 1 1 0 1 1 0 1 1
 0 0 1]"
9,0.9546966718680808,"[1 1 1 1 1 1 1 0 1 1 0 1 0 0 0 0 1 1 0 1 1 1 1 0 0 0 1 0 0 1 1 0 1 1 0 1 1
 0 0 1]"
9,0.9546966718680808,"[1 1 1 1 1 1 1 0 1 1 0 1 0 0 0 0 1 1 0 1 1 1 1 0 0 0 1 0 0 1 1 0 1 1 0 1 1
 0 0 1]"
9,0.9546966718680808,"[1 1 1 1 1 1 1 0 1 1 0 1 0 0 0 0 1 1 0 1 1 1 1 0 0 0 1 0 0 1 1 0 1 1 0 1 1
 0 0 1]"
9,0.9546966718680808,"[1 1 1 1 1 1 1 0 1 1 0 1 0 0 0 0 1 1 0 1 1 1 1 0 0 0 1 0 0 1 1 0 1 1 0 1 1
 0 0 1]"
9,0.9546966718680808,"[1 1 1 1 1 1 1 0 1 1 0 1 0 0 0 0 1 1 0 1 1 1 1 0 0 0 1 0 0 1 1 0 1 1 0 1 1
 0 0 1]"
9,0.9546966718680808,"[1 1 1 1 1 1 1 0 1 1 0 1 0 0 0 0 1 1 0 1 1 1 1 0 0 0 1 0 0 1 1 0 1 1 0 1 1
 0 0 1]"
9,0.9546966718680808,"[1 1 1 1 1 1 1 0 1 1 0 1 0 0 0 0 1 1 0 1 1 1 1 0 0 0 1 0 0 1 1 0 1 1 0 1 1
 0 0 1]"
9,0.9546966718680808,"[1 1 1 1 1 1 1 0 1 1 0 1 0 0 0 0 1 1 0 1 1 1 1 0 0 0 1 0 0 1 1 0 1 1 0 1 1
 0 0 1]"
9,0.9546966718680808,"[1 1 1 1 1 1 1 0 1 1 0 1 0 0 0 0 1 1 0 1 1 1 1 0 0 0 1 0 0 1 1 0 1 1 0 1 1
 0 0 1]"
9,0.9546966718680808,"[1 1 1 1 1 1 1 0 1 1 0 1 0 0 0 0 1 1 0 1 1 1 1 0 0 0 1 0 0 1 1 0 1 1 0 1 1
 0 0 1]"
9,0.9546966718680808,"[1 1 1 1 1 1 1 0 1 1 0 1 0 0 0 0 1 1 0 1 1 1 1 0 0 0 1 0 0 1 1 0 1 1 0 1 1
 0 0 1]"
9,0.9546966718680808,"[1 1 1 1 1 1 1 0 1 1 0 1 0 0 0 0 1 1 0 1 1 1 1 0 0 0 1 0 0 1 1 0 1 1 0 1 1
 0 0 1]"
9,0.9546966718680808,"[1 1 1 1 1 1 1 0 1 1 0 1 0 0 0 0 1 1 0 1 1 1 1 0 0 0 1 0 0 1 1 0 1 1 0 1 1
 0 0 1]"
9,0.9546966718680808,"[1 1 1 1 1 1 1 0 1 1 0 1 0 0 0 0 1 1 0 1 1 1 1 0 0 0 1 0 0 1 1 0 1 1 0 1 1
 0 0 1]"
9,0.9546966718680808,"[1 1 1 1 1 1 1 0 1 1 0 1 0 0 0 0 1 1 0 1 1 1 1 0 0 0 1 0 0 1 1 0 1 1 0 1 1
 0 0 1]"
9,0.9546966718680808,"[1 1 1 1 1 1 1 0 1 1 0 1 0 0 0 0 1 1 0 1 1 1 1 0 0 0 1 0 0 1 1 0 1 1 0 1 1
 0 0 1]"
9,0.9546966718680808,"[1 1 1 1 1 1 1 0 1 1 0 1 0 0 0 0 1 1 0 1 1 1 1 0 0 0 1 0 0 1 1 0 1 1 0 1 1
 0 0 1]"
9,0.9546966718680808,"[1 1 1 1 1 1 1 0 1 1 0 1 0 0 0 0 1 1 0 1 1 1 1 0 0 0 1 0 0 1 1 0 1 1 0 1 1
 0 0 1]"
9,0.9546966718680808,"[1 1 1 1 1 1 1 0 1 1 0 1 0 0 0 0 1 1 0 1 1 1 1 0 0 0 1 0 0 1 1 0 1 1 0 1 1
 0 0 1]"
9,0.9546966718680808,"[1 1 1 1 1 1 1 0 1 1 0 1 0 0 0 0 1 1 0 1 1 1 1 0 0 0 1 0 0 1 1 0 1 1 0 1 1
 0 0 1]"
9,0.9546966718680808,"[1 1 1 1 1 1 1 0 1 1 0 1 0 0 0 0 1 1 0 1 1 1 1 0 0 0 1 0 0 1 1 0 1 1 0 1 1
 0 0 1]"
9,0.9546966718680808,"[1 1 1 1 1 1 1 0 1 1 0 1 0 0 0 0 1 1 0 1 1 1 1 0 0 0 1 0 0 1 1 0 1 1 0 1 1
 0 0 1]"
9,0.9546966718680808,"[1 1 1 1 1 1 1 0 1 1 0 1 0 0 0 0 1 1 0 1 1 1 1 0 0 0 1 0 0 1 1 0 1 1 0 1 1
 0 0 1]"
9,0.9546966718680808,"[1 1 1 1 1 1 1 0 1 1 0 1 0 0 0 0 1 1 0 1 1 1 1 0 0 0 1 0 0 1 1 0 1 1 0 1 1
 0 0 1]"
9,0.9546966718680808,"[1 1 1 1 1 1 1 0 1 1 0 1 0 0 0 0 1 1 0 1 1 1 1 0 0 0 1 0 0 1 1 0 1 1 0 1 1
 0 0 1]"
9,0.9546966718680808,"[1 1 1 1 1 1 1 0 1 1 0 1 0 0 0 0 1 1 0 1 1 1 1 0 0 0 1 0 0 1 1 0 1 1 0 1 1
 0 0 1]"
9,0.9546966718680808,"[1 1 1 1 1 1 1 0 1 1 0 1 0 0 0 0 1 1 0 1 1 1 1 0 0 0 1 0 0 1 1 0 1 1 0 1 1
 0 0 1]"
9,0.9546966718680808,"[1 1 1 1 1 1 1 0 1 1 0 1 0 0 0 0 1 1 0 1 1 1 1 0 0 0 1 0 0 1 1 0 1 1 0 1 1
 0 0 1]"
9,0.9546966718680808,"[1 1 1 1 1 1 1 0 1 1 0 1 0 0 0 0 1 1 0 1 1 1 1 0 0 0 1 0 0 1 1 0 1 1 0 1 1
 0 0 1]"
9,0.9546966718680808,"[1 1 1 1 1 1 1 0 1 1 0 1 0 0 0 0 1 1 0 1 1 1 1 0 0 0 1 0 0 1 1 0 1 1 0 1 1
 0 0 1]"
9,0.9546966718680808,"[1 1 1 1 1 1 1 0 1 1 0 1 0 0 0 0 1 1 0 1 1 1 1 0 0 0 1 0 0 1 1 0 1 1 0 1 1
 0 0 1]"
9,0.9546966718680808,"[1 1 1 1 1 1 1 0 1 1 0 1 0 0 0 0 1 1 0 1 1 1 1 0 0 0 1 0 0 1 1 0 1 1 0 1 1
 0 0 1]"
9,0.9546966718680808,"[1 1 1 1 1 1 1 0 1 1 0 1 0 0 0 0 1 1 0 1 1 1 1 0 0 0 1 0 0 1 1 0 1 1 0 1 1
 0 0 1]"
9,0.9546966718680808,"[1 1 1 1 1 1 1 0 1 1 0 1 0 0 0 0 1 1 0 1 1 1 1 0 0 0 1 0 0 1 1 0 1 1 0 1 1
 0 0 1]"
9,0.9546966718680808,"[1 1 1 1 1 1 1 0 1 1 0 1 0 0 0 0 1 1 0 1 1 1 1 0 0 0 1 0 0 1 1 0 1 1 0 1 1
 0 0 1]"
9,0.9546966718680808,"[1 1 1 1 1 1 1 0 1 1 0 1 0 0 0 0 1 1 0 1 1 1 1 0 0 0 1 0 0 1 1 0 1 1 0 1 1
 0 0 1]"
9,0.9546966718680808,"[1 1 1 1 1 1 1 0 1 1 0 1 0 0 0 0 1 1 0 1 1 1 1 0 0 0 1 0 0 1 1 0 1 1 0 1 1
 0 0 1]"
9,0.9546966718680808,"[1 1 1 1 1 1 1 0 1 1 0 1 0 0 0 0 1 1 0 1 1 1 1 0 0 0 1 0 0 1 1 0 1 1 0 1 1
 0 0 1]"
9,0.9546966718680808,"[1 1 1 1 1 1 1 0 1 1 0 1 0 0 0 0 1 1 0 1 1 1 1 0 0 0 1 0 0 1 1 0 1 1 0 1 1
 0 0 1]"
9,0.9546966718680808,"[1 1 1 1 1 1 1 0 1 1 0 1 0 0 0 0 1 1 0 1 1 1 1 0 0 0 1 0 0 1 1 0 1 1 0 1 1
 0 0 1]"
9,0.9546966718680808,"[1 1 1 1 1 1 1 0 1 1 0 1 0 0 0 0 1 1 0 1 1 1 1 0 0 0 1 0 0 1 1 0 1 1 0 1 1
 0 0 1]"
9,0.9546966718680808,"[1 1 1 1 1 1 1 0 1 1 0 1 0 0 0 0 1 1 0 1 1 1 1 0 0 0 1 0 0 1 1 0 1 1 0 1 1
 0 0 1]"
9,0.9546966718680808,"[1 1 1 1 1 1 1 0 1 1 0 1 0 0 0 0 1 1 0 1 1 1 1 0 0 0 1 0 0 1 1 0 1 1 0 1 1
 0 0 1]"
9,0.9546966718680808,"[1 1 1 1 1 1 1 0 1 1 0 1 0 0 0 0 1 1 0 1 1 1 1 0 0 0 1 0 0 1 1 0 1 1 0 1 1
 0 0 1]"
9,0.9546966718680808,"[1 1 1 1 1 1 1 0 1 1 0 1 0 0 0 0 1 1 0 1 1 1 1 0 0 0 1 0 0 1 1 0 1 1 0 1 1
 0 0 1]"
9,0.9546966718680808,"[1 1 1 1 1 1 1 0 1 1 0 1 0 0 0 0 1 1 0 1 1 1 1 0 0 0 1 0 0 1 1 0 1 1 0 1 1
 0 0 1]"
9,0.9546966718680808,"[1 1 1 1 1 1 1 0 1 1 0 1 0 0 0 0 1 1 0 1 1 1 1 0 0 0 1 0 0 1 1 0 1 1 0 1 1
 0 0 1]"
9,0.9546966718680808,"[1 1 1 1 1 1 1 0 1 1 0 1 0 0 0 0 1 1 0 1 1 1 1 0 0 0 1 0 0 1 1 0 1 1 0 1 1
 0 0 1]"
9,0.9546966718680808,"[1 1 1 1 1 1 1 0 1 1 0 1 0 0 0 0 1 1 0 1 1 1 1 0 0 0 1 0 0 1 1 0 1 1 0 1 1
 0 0 1]"
9,0.9546966718680808,"[1 1 1 1 1 1 1 0 1 1 0 1 0 0 0 0 1 1 0 1 1 1 1 0 0 0 1 0 0 1 1 0 1 1 0 1 1
 0 0 1]"
9,0.9546966718680808,"[1 1 1 1 1 1 1 0 1 1 0 1 0 0 0 0 1 1 0 1 1 1 1 0 0 0 1 0 0 1 1 0 1 1 0 1 1
 0 0 1]"
9,0.9546966718680808,"[1 1 1 1 1 1 1 0 1 1 0 1 0 0 0 0 1 1 0 1 1 1 1 0 0 0 1 0 0 1 1 0 1 1 0 1 1
 0 0 1]"
step,fitness,genome
10,0.9546966718680808,"[1 1 1 1 1 1 1 0 1 1 0 1 0 0 0 0 1 1 0 1 1 1 1 0 0 0 1 0 0 1 1 0 1 1 0 1 1
 0 0 1]"
10,0.9546966718680808,"[1 1 1 1 1 1 1 0 1 1 0 1 0 0 0 0 1 1 0 1 1 1 1 0 0 0 1 0 0 1 1 0 1 1 0 1 1
 0 0 1]"
10,0.9546966718680808,"[1 1 1 1 1 1 1 0 1 1 0 1 0 0 0 0 1 1 0 1 1 1 1 0 0 0 1 0 0 1 1 0 1 1 0 1 1
 0 0 1]"
10,0.9546966718680808,"[1 1 1 1 1 1 1 0 1 1 0 1 0 0 0 0 1 1 0 1 1 1 1 0 0 0 1 0 0 1 1 0 1 1 0 1 1
 0 0 1]"
10,0.9546966718680808,"[1 1 1 1 1 1 1 0 1 1 0 1 0 0 0 0 1 1 0 1 1 1 1 0 0 0 1 0 0 1 1 0 1 1 0 1 1
 0 0 1]"
10,0.9546966718680808,"[1 1 1 1 1 1 1 0 1 1 0 1 0 0 0 0 1 1 0 1 1 1 1 0 0 0 1 0 0 1 1 0 1 1 0 1 1
 0 0 1]"
10,0.9546966718680808,"[1 1 1 1 1 1 1 0 1 1 0 1 0 0 0 0 1 1 0 1 1 1 1 0 0 0 1 0 0 1 1 0 1 1 0 1 1
 0 0 1]"
10,0.9546966718680808,"[1 1 1 1 1 1 1 0 1 1 0 1 0 0 0 0 1 1 0 1 1 1 1 0 0 0 1 0 0 1 1 0 1 1 0 1 1
 0 0 1]"
10,0.9546966718680808,"[1 1 1 1 1 1 1 0 1 1 0 1 0 0 0 0 1 1 0 1 1 1 1 0 0 0 1 0 0 1 1 0 1 1 0 1 1
 0 0 1]"
10,0.9546966718680808,"[1 1 1 1 1 1 1 0 1 1 0 1 0 0 0 0 1 1 0 1 1 1 1 0 0 0 1 0 0 1 1 0 1 1 0 1 1
 0 0 1]"
10,0.9546966718680808,"[1 1 1 1 1 1 1 0 1 1 0 1 0 0 0 0 1 1 0 1 1 1 1 0 0 0 1 0 0 1 1 0 1 1 0 1 1
 0 0 1]"
10,0.9546966718680808,"[1 1 1 1 1 1 1 0 1 1 0 1 0 0 0 0 1 1 0 1 1 1 1 0 0 0 1 0 0 1 1 0 1 1 0 1 1
 0 0 1]"
10,0.9546966718680808,"[1 1 1 1 1 1 1 0 1 1 0 1 0 0 0 0 1 1 0 1 1 1 1 0 0 0 1 0 0 1 1 0 1 1 0 1 1
 0 0 1]"
10,0.9546966718680808,"[1 1 1 1 1 1 1 0 1 1 0 1 0 0 0 0 1 1 0 1 1 1 1 0 0 0 1 0 0 1 1 0 1 1 0 1 1
 0 0 1]"
10,0.9546966718680808,"[1 1 1 1 1 1 1 0 1 1 0 1 0 0 0 0 1 1 0 1 1 1 1 0 0 0 1 0 0 1 1 0 1 1 0 1 1
 0 0 1]"
10,0.9546966718680808,"[1 1 1 1 1 1 1 0 1 1 0 1 0 0 0 0 1 1 0 1 1 1 1 0 0 0 1 0 0 1 1 0 1 1 0 1 1
 0 0 1]"
10,0.9546966718680808,"[1 1 1 1 1 1 1 0 1 1 0 1 0 0 0 0 1 1 0 1 1 1 1 0 0 0 1 0 0 1 1 0 1 1 0 1 1
 0 0 1]"
10,0.9546966718680808,"[1 1 1 1 1 1 1 0 1 1 0 1 0 0 0 0 1 1 0 1 1 1 1 0 0 0 1 0 0 1 1 0 1 1 0 1 1
 0 0 1]"
10,0.9546966718680808,"[1 1 1 1 1 1 1 0 1 1 0 1 0 0 0 0 1 1 0 1 1 1 1 0 0 0 1 0 0 1 1 0 1 1 0 1 1
 0 0 1]"
10,0.9546966718680808,"[1 1 1 1 1 1 1 0 1 1 0 1 0 0 0 0 1 1 0 1 1 1 1 0 0 0 1 0 0 1 1 0 1 1 0 1 1
 0 0 1]"
10,0.9546966718680808,"[1 1 1 1 1 1 1 0 1 1 0 1 0 0 0 0 1 1 0 1 1 1 1 0 0 0 1 0 0 1 1 0 1 1 0 1 1
 0 0 1]"
10,0.9546966718680808,"[1 1 1 1 1 1 1 0 1 1 0 1 0 0 0 0 1 1 0 1 1 1 1 0 0 0 1 0 0 1 1 0 1 1 0 1 1
 0 0 1]"
10,0.9546966718680808,"[1 1 1 1 1 1 1 0 1 1 0 1 0 0 0 0 1 1 0 1 1 1 1 0 0 0 1 0 0 1 1 0 1 1 0 1 1
 0 0 1]"
10,0.9546966718680808,"[1 1 1 1 1 1 1 0 1 1 0 1 0 0 0 0 1 1 0 1 1 1 1 0 0 0 1 0 0 1 1 0 1 1 0 1 1
 0 0 1]"
10,0.9546966718680808,"[1 1 1 1 1 1 1 0 1 1 0 1 0 0 0 0 1 1 0 1 1 1 1 0 0 0 1 0 0 1 1 0 1 1 0 1 1
 0 0 1]"
10,0.9546966718680808,"[1 1 1 1 1 1 1 0 1 1 0 1 0 0 0 0 1 1 0 1 1 1 1 0 0 0 1 0 0 1 1 0 1 1 0 1 1
 0 0 1]"
10,0.9546966718680808,"[1 1 1 1 1 1 1 0 1 1 0 1 0 0 0 0 1 1 0 1 1 1 1 0 0 0 1 0 0 1 1 0 1 1 0 1 1
 0 0 1]"
10,0.9546966718680808,"[1 1 1 1 1 1 1 0 1 1 0 1 0 0 0 0 1 1 0 1 1 1 1 0 0 0 1 0 0 1 1 0 1 1 0 1 1
 0 0 1]"
10,0.9546966718680808,"[1 1 1 1 1 1 1 0 1 1 0 1 0 0 0 0 1 1 0 1 1 1 1 0 0 0 1 0 0 1 1 0 1 1 0 1 1
 0 0 1]"
10,0.9546966718680808,"[1 1 1 1 1 1 1 0 1 1 0 1 0 0 0 0 1 1 0 1 1 1 1 0 0 0 1 0 0 1 1 0 1 1 0 1 1
 0 0 1]"
10,0.9546966718680808,"[1 1 1 1 1 1 1 0 1 1 0 1 0 0 0 0 1 1 0 1 1 1 1 0 0 0 1 0 0 1 1 0 1 1 0 1 1
 0 0 1]"
10,0.9546966718680808,"[1 1 1 1 1 1 1 0 1 1 0 1 0 0 0 0 1 1 0 1 1 1 1 0 0 0 1 0 0 1 1 0 1 1 0 1 1
 0 0 1]"
10,0.9546966718680808,"[1 1 1 1 1 1 1 0 1 1 0 1 0 0 0 0 1 1 0 1 1 1 1 0 0 0 1 0 0 1 1 0 1 1 0 1 1
 0 0 1]"
10,0.9546966718680808,"[1 1 1 1 1 1 1 0 1 1 0 1 0 0 0 0 1 1 0 1 1 1 1 0 0 0 1 0 0 1 1 0 1 1 0 1 1
 0 0 1]"
10,0.9546966718680808,"[1 1 1 1 1 1 1 0 1 1 0 1 0 0 0 0 1 1 0 1 1 1 1 0 0 0 1 0 0 1 1 0 1 1 0 1 1
 0 0 1]"
10,0.9546966718680808,"[1 1 1 1 1 1 1 0 1 1 0 1 0 0 0 0 1 1 0 1 1 1 1 0 0 0 1 0 0 1 1 0 1 1 0 1 1
 0 0 1]"
10,0.9546966718680808,"[1 1 1 1 1 1 1 0 1 1 0 1 0 0 0 0 1 1 0 1 1 1 1 0 0 0 1 0 0 1 1 0 1 1 0 1 1
 0 0 1]"
10,0.9546966718680808,"[1 1 1 1 1 1 1 0 1 1 0 1 0 0 0 0 1 1 0 1 1 1 1 0 0 0 1 0 0 1 1 0 1 1 0 1 1
 0 0 1]"
10,0.9546966718680808,"[1 1 1 1 1 1 1 0 1 1 0 1 0 0 0 0 1 1 0 1 1 1 1 0 0 0 1 0 0 1 1 0 1 1 0 1 1
 0 0 1]"
10,0.9546966718680808,"[1 1 1 1 1 1 1 0 1 1 0 1 0 0 0 0 1 1 0 1 1 1 1 0 0 0 1 0 0 1 1 0 1 1 0 1 1
 0 0 1]"
10,0.9546966718680808,"[1 1 1 1 1 1 1 0 1 1 0 1 0 0 0 0 1 1 0 1 1 1 1 0 0 0 1 0 0 1 1 0 1 1 0 1 1
 0 0 1]"
10,0.9546966718680808,"[1 1 1 1 1 1 1 0 1 1 0 1 0 0 0 0 1 1 0 1 1 1 1 0 0 0 1 0 0 1 1 0 1 1 0 1 1
 0 0 1]"
10,0.9546966718680808,"[1 1 1 1 1 1 1 0 1 1 0 1 0 0 0 0 1 1 0 1 1 1 1 0 0 0 1 0 0 1 1 0 1 1 0 1 1
 0 0 1]"
10,0.9546966718680808,"[1 1 1 1 1 1 1 0 1 1 0 1 0 0 0 0 1 1 0 1 1 1 1 0 0 0 1 0 0 1 1 0 1 1 0 1 1
 0 0 1]"
10,0.9546966718680808,"[1 1 1 1 1 1 1 0 1 1 0 1 0 0 0 0 1 1 0 1 1 1 1 0 0 0 1 0 0 1 1 0 1 1 0 1 1
 0 0 1]"
10,0.9546966718680808,"[1 1 1 1 1 1 1 0 1 1 0 1 0 0 0 0 1 1 0 1 1 1 1 0 0 0 1 0 0 1 1 0 1 1 0 1 1
 0 0 1]"
10,0.9546966718680808,"[1 1 1 1 1 1 1 0 1 1 0 1 0 0 0 0 1 1 0 1 1 1 1 0 0 0 1 0 0 1 1 0 1 1 0 1 1
 0 0 1]"
10,0.9546966718680808,"[1 1 1 1 1 1 1 0 1 1 0 1 0 0 0 0 1 1 0 1 1 1 1 0 0 0 1 0 0 1 1 0 1 1 0 1 1
 0 0 1]"
10,0.9546966718680808,"[1 1 1 1 1 1 1 0 1 1 0 1 0 0 0 0 1 1 0 1 1 1 1 0 0 0 1 0 0 1 1 0 1 1 0 1 1
 0 0 1]"
10,0.9546966718680808,"[1 1 1 1 1 1 1 0 1 1 0 1 0 0 0 0 1 1 0 1 1 1 1 0 0 0 1 0 0 1 1 0 1 1 0 1 1
 0 0 1]"
10,0.9546966718680808,"[1 1 1 1 1 1 1 0 1 1 0 1 0 0 0 0 1 1 0 1 1 1 1 0 0 0 1 0 0 1 1 0 1 1 0 1 1
 0 0 1]"
10,0.9546966718680808,"[1 1 1 1 1 1 1 0 1 1 0 1 0 0 0 0 1 1 0 1 1 1 1 0 0 0 1 0 0 1 1 0 1 1 0 1 1
 0 0 1]"
10,0.9546966718680808,"[1 1 1 1 1 1 1 0 1 1 0 1 0 0 0 0 1 1 0 1 1 1 1 0 0 0 1 0 0 1 1 0 1 1 0 1 1
 0 0 1]"
10,0.9546966718680808,"[1 1 1 1 1 1 1 0 1 1 0 1 0 0 0 0 1 1 0 1 1 1 1 0 0 0 1 0 0 1 1 0 1 1 0 1 1
 0 0 1]"
10,0.9546966718680808,"[1 1 1 1 1 1 1 0 1 1 0 1 0 0 0 0 1 1 0 1 1 1 1 0 0 0 1 0 0 1 1 0 1 1 0 1 1
 0 0 1]"
10,0.9546966718680808,"[1 1 1 1 1 1 1 0 1 1 0 1 0 0 0 0 1 1 0 1 1 1 1 0 0 0 1 0 0 1 1 0 1 1 0 1 1
 0 0 1]"
10,0.9546966718680808,"[1 1 1 1 1 1 1 0 1 1 0 1 0 0 0 0 1 1 0 1 1 1 1 0 0 0 1 0 0 1 1 0 1 1 0 1 1
 0 0 1]"
10,0.9546966718680808,"[1 1 1 1 1 1 1 0 1 1 0 1 0 0 0 0 1 1 0 1 1 1 1 0 0 0 1 0 0 1 1 0 1 1 0 1 1
 0 0 1]"
10,0.9546966718680808,"[1 1 1 1 1 1 1 0 1 1 0 1 0 0 0 0 1 1 0 1 1 1 1 0 0 0 1 0 0 1 1 0 1 1 0 1 1
 0 0 1]"
10,0.9546966718680808,"[1 1 1 1 1 1 1 0 1 1 0 1 0 0 0 0 1 1 0 1 1 1 1 0 0 0 1 0 0 1 1 0 1 1 0 1 1
 0 0 1]"
10,0.9546966718680808,"[1 1 1 1 1 1 1 0 1 1 0 1 0 0 0 0 1 1 0 1 1 1 1 0 0 0 1 0 0 1 1 0 1 1 0 1 1
 0 0 1]"
10,0.9546966718680808,"[1 1 1 1 1 1 1 0 1 1 0 1 0 0 0 0 1 1 0 1 1 1 1 0 0 0 1 0 0 1 1 0 1 1 0 1 1
 0 0 1]"
10,0.9546966718680808,"[1 1 1 1 1 1 1 0 1 1 0 1 0 0 0 0 1 1 0 1 1 1 1 0 0 0 1 0 0 1 1 0 1 1 0 1 1
 0 0 1]"
10,0.9546966718680808,"[1 1 1 1 1 1 1 0 1 1 0 1 0 0 0 0 1 1 0 1 1 1 1 0 0 0 1 0 0 1 1 0 1 1 0 1 1
 0 0 1]"
10,0.9546966718680808,"[1 1 1 1 1 1 1 0 1 1 0 1 0 0 0 0 1 1 0 1 1 1 1 0 0 0 1 0 0 1 1 0 1 1 0 1 1
 0 0 1]"
10,0.9546966718680808,"[1 1 1 1 1 1 1 0 1 1 0 1 0 0 0 0 1 1 0 1 1 1 1 0 0 0 1 0 0 1 1 0 1 1 0 1 1
 0 0 1]"
10,0.9546966718680808,"[1 1 1 1 1 1 1 0 1 1 0 1 0 0 0 0 1 1 0 1 1 1 1 0 0 0 1 0 0 1 1 0 1 1 0 1 1
 0 0 1]"
10,0.9546966718680808,"[1 1 1 1 1 1 1 0 1 1 0 1 0 0 0 0 1 1 0 1 1 1 1 0 0 0 1 0 0 1 1 0 1 1 0 1 1
 0 0 1]"
10,0.9546966718680808,"[1 1 1 1 1 1 1 0 1 1 0 1 0 0 0 0 1 1 0 1 1 1 1 0 0 0 1 0 0 1 1 0 1 1 0 1 1
 0 0 1]"
10,0.9546966718680808,"[1 1 1 1 1 1 1 0 1 1 0 1 0 0 0 0 1 1 0 1 1 1 1 0 0 0 1 0 0 1 1 0 1 1 0 1 1
 0 0 1]"
10,0.9546966718680808,"[1 1 1 1 1 1 1 0 1 1 0 1 0 0 0 0 1 1 0 1 1 1 1 0 0 0 1 0 0 1 1 0 1 1 0 1 1
 0 0 1]"
10,0.9546966718680808,"[1 1 1 1 1 1 1 0 1 1 0 1 0 0 0 0 1 1 0 1 1 1 1 0 0 0 1 0 0 1 1 0 1 1 0 1 1
 0 0 1]"
10,0.9546966718680808,"[1 1 1 1 1 1 1 0 1 1 0 1 0 0 0 0 1 1 0 1 1 1 1 0 0 0 1 0 0 1 1 0 1 1 0 1 1
 0 0 1]"
10,0.9546966718680808,"[1 1 1 1 1 1 1 0 1 1 0 1 0 0 0 0 1 1 0 1 1 1 1 0 0 0 1 0 0 1 1 0 1 1 0 1 1
 0 0 1]"
10,0.9546966718680808,"[1 1 1 1 1 1 1 0 1 1 0 1 0 0 0 0 1 1 0 1 1 1 1 0 0 0 1 0 0 1 1 0 1 1 0 1 1
 0 0 1]"
step,fitness,genome
11,0.9546966718680808,"[1 1 1 1 1 1 1 0 1 1 0 1 0 0 0 0 1 1 0 1 1 1 1 0 0 0 1 0 0 1 1 0 1 1 0 1 1
 0 0 1]"
11,0.9546966718680808,"[1 1 1 1 1 1 1 0 1 1 0 1 0 0 0 0 1 1 0 1 1 1 1 0 0 0 1 0 0 1 1 0 1 1 0 1 1
 0 0 1]"
11,0.9546966718680808,"[1 1 1 1 1 1 1 0 1 1 0 1 0 0 0 0 1 1 0 1 1 1 1 0 0 0 1 0 0 1 1 0 1 1 0 1 1
 0 0 1]"
11,0.9546966718680808,"[1 1 1 1 1 1 1 0 1 1 0 1 0 0 0 0 1 1 0 1 1 1 1 0 0 0 1 0 0 1 1 0 1 1 0 1 1
 0 0 1]"
11,0.9546966718680808,"[1 1 1 1 1 1 1 0 1 1 0 1 0 0 0 0 1 1 0 1 1 1 1 0 0 0 1 0 0 1 1 0 1 1 0 1 1
 0 0 1]"
11,0.9546966718680808,"[1 1 1 1 1 1 1 0 1 1 0 1 0 0 0 0 1 1 0 1 1 1 1 0 0 0 1 0 0 1 1 0 1 1 0 1 1
 0 0 1]"
11,0.9546966718680808,"[1 1 1 1 1 1 1 0 1 1 0 1 0 0 0 0 1 1 0 1 1 1 1 0 0 0 1 0 0 1 1 0 1 1 0 1 1
 0 0 1]"
11,0.9546966718680808,"[1 1 1 1 1 1 1 0 1 1 0 1 0 0 0 0 1 1 0 1 1 1 1 0 0 0 1 0 0 1 1 0 1 1 0 1 1
 0 0 1]"
11,0.9546966718680808,"[1 1 1 1 1 1 1 0 1 1 0 1 0 0 0 0 1 1 0 1 1 1 1 0 0 0 1 0 0 1 1 0 1 1 0 1 1
 0 0 1]"
11,0.9546966718680808,"[1 1 1 1 1 1 1 0 1 1 0 1 0 0 0 0 1 1 0 1 1 1 1 0 0 0 1 0 0 1 1 0 1 1 0 1 1
 0 0 1]"
11,0.9546966718680808,"[1 1 1 1 1 1 1 0 1 1 0 1 0 0 0 0 1 1 0 1 1 1 1 0 0 0 1 0 0 1 1 0 1 1 0 1 1
 0 0 1]"
11,0.9546966718680808,"[1 1 1 1 1 1 1 0 1 1 0 1 0 0 0 0 1 1 0 1 1 1 1 0 0 0 1 0 0 1 1 0 1 1 0 1 1
 0 0 1]"
11,0.9546966718680808,"[1 1 1 1 1 1 1 0 1 1 0 1 0 0 0 0 1 1 0 1 1 1 1 0 0 0 1 0 0 1 1 0 1 1 0 1 1
 0 0 1]"
11,0.9546966718680808,"[1 1 1 1 1 1 1 0 1 1 0 1 0 0 0 0 1 1 0 1 1 1 1 0 0 0 1 0 0 1 1 0 1 1 0 1 1
 0 0 1]"
11,0.9546966718680808,"[1 1 1 1 1 1 1 0 1 1 0 1 0 0 0 0 1 1 0 1 1 1 1 0 0 0 1 0 0 1 1 0 1 1 0 1 1
 0 0 1]"
11,0.9546966718680808,"[1 1 1 1 1 1 1 0 1 1 0 1 0 0 0 0 1 1 0 1 1 1 1 0 0 0 1 0 0 1 1 0 1 1 0 1 1
 0 0 1]"
11,0.9546966718680808,"[1 1 1 1 1 1 1 0 1 1 0 1 0 0 0 0 1 1 0 1 1 1 1 0 0 0 1 0 0 1 1 0 1 1 0 1 1
 0 0 1]"
11,0.9546966718680808,"[1 1 1 1 1 1 1 0 1 1 0 1 0 0 0 0 1 1 0 1 1 1 1 0 0 0 1 0 0 1 1 0 1 1 0 1 1
 0 0 1]"
11,0.9546966718680808,"[1 1 1 1 1 1 1 0 1 1 0 1 0 0 0 0 1 1 0 1 1 1 1 0 0 0 1 0 0 1 1 0 1 1 0 1 1
 0 0 1]"
11,0.9546966718680808,"[1 1 1 1 1 1 1 0 1 1 0 1 0 0 0 0 1 1 0 1 1 1 1 0 0 0 1 0 0 1 1 0 1 1 0 1 1
 0 0 1]"
11,0.9546966718680808,"[1 1 1 1 1 1 1 0 1 1 0 1 0 0 0 0 1 1 0 1 1 1 1 0 0 0 1 0 0 1 1 0 1 1 0 1 1
 0 0 1]"
11,0.9546966718680808,"[1 1 1 1 1 1 1 0 1 1 0 1 0 0 0 0 1 1 0 1 1 1 1 0 0 0 1 0 0 1 1 0 1 1 0 1 1
 0 0 1]"
11,0.9546966718680808,"[1 1 1 1 1 1 1 0 1 1 0 1 0 0 0 0 1 1 0 1 1 1 1 0 0 0 1 0 0 1 1 0 1 1 0 1 1
 0 0 1]"
11,0.9546966718680808,"[1 1 1 1 1 1 1 0 1 1 0 1 0 0 0 0 1 1 0 1 1 1 1 0 0 0 1 0 0 1 1 0 1 1 0 1 1
 0 0 1]"
11,0.9546966718680808,"[1 1 1 1 1 1 1 0 1 1 0 1 0 0 0 0 1 1 0 1 1 1 1 0 0 0 1 0 0 1 1 0 1 1 0 1 1
 0 0 1]"
11,0.9546966718680808,"[1 1 1 1 1 1 1 0 1 1 0 1 0 0 0 0 1 1 0 1 1 1 1 0 0 0 1 0 0 1 1 0 1 1 0 1 1
 0 0 1]"
11,0.9546966718680808,"[1 1 1 1 1 1 1 0 1 1 0 1 0 0 0 0 1 1 0 1 1 1 1 0 0 0 1 0 0 1 1 0 1 1 0 1 1
 0 0 1]"
11,0.9546966718680808,"[1 1 1 1 1 1 1 0 1 1 0 1 0 0 0 0 1 1 0 1 1 1 1 0 0 0 1 0 0 1 1 0 1 1 0 1 1
 0 0 1]"
11,0.9546966718680808,"[1 1 1 1 1 1 1 0 1 1 0 1 0 0 0 0 1 1 0 1 1 1 1 0 0 0 1 0 0 1 1 0 1 1 0 1 1
 0 0 1]"
11,0.9546966718680808,"[1 1 1 1 1 1 1 0 1 1 0 1 0 0 0 0 1 1 0 1 1 1 1 0 0 0 1 0 0 1 1 0 1 1 0 1 1
 0 0 1]"
11,0.9546966718680808,"[1 1 1 1 1 1 1 0 1 1 0 1 0 0 0 0 1 1 0 1 1 1 1 0 0 0 1 0 0 1 1 0 1 1 0 1 1
 0 0 1]"
11,0.9546966718680808,"[1 1 1 1 1 1 1 0 1 1 0 1 0 0 0 0 1 1 0 1 1 1 1 0 0 0 1 0 0 1 1 0 1 1 0 1 1
 0 0 1]"
11,0.9546966718680808,"[1 1 1 1 1 1 1 0 1 1 0 1 0 0 0 0 1 1 0 1 1 1 1 0 0 0 1 0 0 1 1 0 1 1 0 1 1
 0 0 1]"
11,0.9546966718680808,"[1 1 1 1 1 1 1 0 1 1 0 1 0 0 0 0 1 1 0 1 1 1 1 0 0 0 1 0 0 1 1 0 1 1 0 1 1
 0 0 1]"
11,0.9546966718680808,"[1 1 1 1 1 1 1 0 1 1 0 1 0 0 0 0 1 1 0 1 1 1 1 0 0 0 1 0 0 1 1 0 1 1 0 1 1
 0 0 1]"
11,0.9546966718680808,"[1 1 1 1 1 1 1 0 1 1 0 1 0 0 0 0 1 1 0 1 1 1 1 0 0 0 1 0 0 1 1 0 1 1 0 1 1
 0 0 1]"
11,0.9546966718680808,"[1 1 1 1 1 1 1 0 1 1 0 1 0 0 0 0 1 1 0 1 1 1 1 0 0 0 1 0 0 1 1 0 1 1 0 1 1
 0 0 1]"
11,0.9546966718680808,"[1 1 1 1 1 1 1 0 1 1 0 1 0 0 0 0 1 1 0 1 1 1 1 0 0 0 1 0 0 1 1 0 1 1 0 1 1
 0 0 1]"
11,0.9546966718680808,"[1 1 1 1 1 1 1 0 1 1 0 1 0 0 0 0 1 1 0 1 1 1 1 0 0 0 1 0 0 1 1 0 1 1 0 1 1
 0 0 1]"
11,0.9546966718680808,"[1 1 1 1 1 1 1 0 1 1 0 1 0 0 0 0 1 1 0 1 1 1 1 0 0 0 1 0 0 1 1 0 1 1 0 1 1
 0 0 1]"
11,0.9546966718680808,"[1 1 1 1 1 1 1 0 1 1 0 1 0 0 0 0 1 1 0 1 1 1 1 0 0 0 1 0 0 1 1 0 1 1 0 1 1
 0 0 1]"
11,0.9546966718680808,"[1 1 1 1 1 1 1 0 1 1 0 1 0 0 0 0 1 1 0 1 1 1 1 0 0 0 1 0 0 1 1 0 1 1 0 1 1
 0 0 1]"
11,0.9546966718680808,"[1 1 1 1 1 1 1 0 1 1 0 1 0 0 0 0 1 1 0 1 1 1 1 0 0 0 1 0 0 1 1 0 1 1 0 1 1
 0 0 1]"
11,0.9546966718680808,"[1 1 1 1 1 1 1 0 1 1 0 1 0 0 0 0 1 1 0 1 1 1 1 0 0 0 1 0 0 1 1 0 1 1 0 1 1
 0 0 1]"
11,0.9546966718680808,"[1 1 1 1 1 1 1 0 1 1 0 1 0 0 0 0 1 1 0 1 1 1 1 0 0 0 1 0 0 1 1 0 1 1 0 1 1
 0 0 1]"
11,0.9546966718680808,"[1 1 1 1 1 1 1 0 1 1 0 1 0 0 0 0 1 1 0 1 1 1 1 0 0 0 1 0 0 1 1 0 1 1 0 1 1
 0 0 1]"
11,0.9546966718680808,"[1 1 1 1 1 1 1 0 1 1 0 1 0 0 0 0 1 1 0 1 1 1 1 0 0 0 1 0 0 1 1 0 1 1 0 1 1
 0 0 1]"
11,0.9546966718680808,"[1 1 1 1 1 1 1 0 1 1 0 1 0 0 0 0 1 1 0 1 1 1 1 0 0 0 1 0 0 1 1 0 1 1 0 1 1
 0 0 1]"
11,0.9546966718680808,"[1 1 1 1 1 1 1 0 1 1 0 1 0 0 0 0 1 1 0 1 1 1 1 0 0 0 1 0 0 1 1 0 1 1 0 1 1
 0 0 1]"
11,0.9546966718680808,"[1 1 1 1 1 1 1 0 1 1 0 1 0 0 0 0 1 1 0 1 1 1 1 0 0 0 1 0 0 1 1 0 1 1 0 1 1
 0 0 1]"
11,0.9546966718680808,"[1 1 1 1 1 1 1 0 1 1 0 1 0 0 0 0 1 1 0 1 1 1 1 0 0 0 1 0 0 1 1 0 1 1 0 1 1
 0 0 1]"
11,0.9546966718680808,"[1 1 1 1 1 1 1 0 1 1 0 1 0 0 0 0 1 1 0 1 1 1 1 0 0 0 1 0 0 1 1 0 1 1 0 1 1
 0 0 1]"
11,0.9546966718680808,"[1 1 1 1 1 1 1 0 1 1 0 1 0 0 0 0 1 1 0 1 1 1 1 0 0 0 1 0 0 1 1 0 1 1 0 1 1
 0 0 1]"
11,0.9546966718680808,"[1 1 1 1 1 1 1 0 1 1 0 1 0 0 0 0 1 1 0 1 1 1 1 0 0 0 1 0 0 1 1 0 1 1 0 1 1
 0 0 1]"
11,0.9546966718680808,"[1 1 1 1 1 1 1 0 1 1 0 1 0 0 0 0 1 1 0 1 1 1 1 0 0 0 1 0 0 1 1 0 1 1 0 1 1
 0 0 1]"
11,0.9546966718680808,"[1 1 1 1 1 1 1 0 1 1 0 1 0 0 0 0 1 1 0 1 1 1 1 0 0 0 1 0 0 1 1 0 1 1 0 1 1
 0 0 1]"
11,0.9546966718680808,"[1 1 1 1 1 1 1 0 1 1 0 1 0 0 0 0 1 1 0 1 1 1 1 0 0 0 1 0 0 1 1 0 1 1 0 1 1
 0 0 1]"
11,0.9546966718680808,"[1 1 1 1 1 1 1 0 1 1 0 1 0 0 0 0 1 1 0 1 1 1 1 0 0 0 1 0 0 1 1 0 1 1 0 1 1
 0 0 1]"
11,0.9546966718680808,"[1 1 1 1 1 1 1 0 1 1 0 1 0 0 0 0 1 1 0 1 1 1 1 0 0 0 1 0 0 1 1 0 1 1 0 1 1
 0 0 1]"
11,0.9546966718680808,"[1 1 1 1 1 1 1 0 1 1 0 1 0 0 0 0 1 1 0 1 1 1 1 0 0 0 1 0 0 1 1 0 1 1 0 1 1
 0 0 1]"
11,0.9546966718680808,"[1 1 1 1 1 1 1 0 1 1 0 1 0 0 0 0 1 1 0 1 1 1 1 0 0 0 1 0 0 1 1 0 1 1 0 1 1
 0 0 1]"
11,0.9546966718680808,"[1 1 1 1 1 1 1 0 1 1 0 1 0 0 0 0 1 1 0 1 1 1 1 0 0 0 1 0 0 1 1 0 1 1 0 1 1
 0 0 1]"
11,0.9546966718680808,"[1 1 1 1 1 1 1 0 1 1 0 1 0 0 0 0 1 1 0 1 1 1 1 0 0 0 1 0 0 1 1 0 1 1 0 1 1
 0 0 1]"
11,0.9546966718680808,"[1 1 1 1 1 1 1 0 1 1 0 1 0 0 0 0 1 1 0 1 1 1 1 0 0 0 1 0 0 1 1 0 1 1 0 1 1
 0 0 1]"
11,0.9546966718680808,"[1 1 1 1 1 1 1 0 1 1 0 1 0 0 0 0 1 1 0 1 1 1 1 0 0 0 1 0 0 1 1 0 1 1 0 1 1
 0 0 1]"
11,0.9546966718680808,"[1 1 1 1 1 1 1 0 1 1 0 1 0 0 0 0 1 1 0 1 1 1 1 0 0 0 1 0 0 1 1 0 1 1 0 1 1
 0 0 1]"
11,0.9546966718680808,"[1 1 1 1 1 1 1 0 1 1 0 1 0 0 0 0 1 1 0 1 1 1 1 0 0 0 1 0 0 1 1 0 1 1 0 1 1
 0 0 1]"
11,0.9546966718680808,"[1 1 1 1 1 1 1 0 1 1 0 1 0 0 0 0 1 1 0 1 1 1 1 0 0 0 1 0 0 1 1 0 1 1 0 1 1
 0 0 1]"
11,0.9546966718680808,"[1 1 1 1 1 1 1 0 1 1 0 1 0 0 0 0 1 1 0 1 1 1 1 0 0 0 1 0 0 1 1 0 1 1 0 1 1
 0 0 1]"
11,0.9546966718680808,"[1 1 1 1 1 1 1 0 1 1 0 1 0 0 0 0 1 1 0 1 1 1 1 0 0 0 1 0 0 1 1 0 1 1 0 1 1
 0 0 1]"
11,0.9546966718680808,"[1 1 1 1 1 1 1 0 1 1 0 1 0 0 0 0 1 1 0 1 1 1 1 0 0 0 1 0 0 1 1 0 1 1 0 1 1
 0 0 1]"
11,0.9546966718680808,"[1 1 1 1 1 1 1 0 1 1 0 1 0 0 0 0 1 1 0 1 1 1 1 0 0 0 1 0 0 1 1 0 1 1 0 1 1
 0 0 1]"
11,0.9546966718680808,"[1 1 1 1 1 1 1 0 1 1 0 1 0 0 0 0 1 1 0 1 1 1 1 0 0 0 1 0 0 1 1 0 1 1 0 1 1
 0 0 1]"
11,0.9546966718680808,"[1 1 1 1 1 1 1 0 1 1 0 1 0 0 0 0 1 1 0 1 1 1 1 0 0 0 1 0 0 1 1 0 1 1 0 1 1
 0 0 1]"
11,0.9546966718680808,"[1 1 1 1 1 1 1 0 1 1 0 1 0 0 0 0 1 1 0 1 1 1 1 0 0 0 1 0 0 1 1 0 1 1 0 1 1
 0 0 1]"
step,fitness,genome
12,0.9546966718680808,"[1 1 1 1 1 1 1 0 1 1 0 1 0 0 0 0 1 1 0 1 1 1 1 0 0 0 1 0 0 1 1 0 1 1 0 1 1
 0 0 1]"
12,0.9546966718680808,"[1 1 1 1 1 1 1 0 1 1 0 1 0 0 0 0 1 1 0 1 1 1 1 0 0 0 1 0 0 1 1 0 1 1 0 1 1
 0 0 1]"
12,0.9546966718680808,"[1 1 1 1 1 1 1 0 1 1 0 1 0 0 0 0 1 1 0 1 1 1 1 0 0 0 1 0 0 1 1 0 1 1 0 1 1
 0 0 1]"
12,0.9546966718680808,"[1 1 1 1 1 1 1 0 1 1 0 1 0 0 0 0 1 1 0 1 1 1 1 0 0 0 1 0 0 1 1 0 1 1 0 1 1
 0 0 1]"
12,0.9546966718680808,"[1 1 1 1 1 1 1 0 1 1 0 1 0 0 0 0 1 1 0 1 1 1 1 0 0 0 1 0 0 1 1 0 1 1 0 1 1
 0 0 1]"
12,0.9546966718680808,"[1 1 1 1 1 1 1 0 1 1 0 1 0 0 0 0 1 1 0 1 1 1 1 0 0 0 1 0 0 1 1 0 1 1 0 1 1
 0 0 1]"
12,0.9546966718680808,"[1 1 1 1 1 1 1 0 1 1 0 1 0 0 0 0 1 1 0 1 1 1 1 0 0 0 1 0 0 1 1 0 1 1 0 1 1
 0 0 1]"
12,0.9546966718680808,"[1 1 1 1 1 1 1 0 1 1 0 1 0 0 0 0 1 1 0 1 1 1 1 0 0 0 1 0 0 1 1 0 1 1 0 1 1
 0 0 1]"
12,0.9546966718680808,"[1 1 1 1 1 1 1 0 1 1 0 1 0 0 0 0 1 1 0 1 1 1 1 0 0 0 1 0 0 1 1 0 1 1 0 1 1
 0 0 1]"
12,0.9546966718680808,"[1 1 1 1 1 1 1 0 1 1 0 1 0 0 0 0 1 1 0 1 1 1 1 0 0 0 1 0 0 1 1 0 1 1 0 1 1
 0 0 1]"
12,0.9546966718680808,"[1 1 1 1 1 1 1 0 1 1 0 1 0 0 0 0 1 1 0 1 1 1 1 0 0 0 1 0 0 1 1 0 1 1 0 1 1
 0 0 1]"
12,0.9546966718680808,"[1 1 1 1 1 1 1 0 1 1 0 1 0 0 0 0 1 1 0 1 1 1 1 0 0 0 1 0 0 1 1 0 1 1 0 1 1
 0 0 1]"
12,0.9546966718680808,"[1 1 1 1 1 1 1 0 1 1 0 1 0 0 0 0 1 1 0 1 1 1 1 0 0 0 1 0 0 1 1 0 1 1 0 1 1
 0 0 1]"
12,0.9546966718680808,"[1 1 1 1 1 1 1 0 1 1 0 1 0 0 0 0 1 1 0 1 1 1 1 0 0 0 1 0 0 1 1 0 1 1 0 1 1
 0 0 1]"
12,0.9546966718680808,"[1 1 1 1 1 1 1 0 1 1 0 1 0 0 0 0 1 1 0 1 1 1 1 0 0 0 1 0 0 1 1 0 1 1 0 1 1
 0 0 1]"
12,0.9546966718680808,"[1 1 1 1 1 1 1 0 1 1 0 1 0 0 0 0 1 1 0 1 1 1 1 0 0 0 1 0 0 1 1 0 1 1 0 1 1
 0 0 1]"
12,0.9546966718680808,"[1 1 1 1 1 1 1 0 1 1 0 1 0 0 0 0 1 1 0 1 1 1 1 0 0 0 1 0 0 1 1 0 1 1 0 1 1
 0 0 1]"
12,0.9546966718680808,"[1 1 1 1 1 1 1 0 1 1 0 1 0 0 0 0 1 1 0 1 1 1 1 0 0 0 1 0 0 1 1 0 1 1 0 1 1
 0 0 1]"
12,0.9546966718680808,"[1 1 1 1 1 1 1 0 1 1 0 1 0 0 0 0 1 1 0 1 1 1 1 0 0 0 1 0 0 1 1 0 1 1 0 1 1
 0 0 1]"
12,0.9546966718680808,"[1 1 1 1 1 1 1 0 1 1 0 1 0 0 0 0 1 1 0 1 1 1 1 0 0 0 1 0 0 1 1 0 1 1 0 1 1
 0 0 1]"
12,0.9546966718680808,"[1 1 1 1 1 1 1 0 1 1 0 1 0 0 0 0 1 1 0 1 1 1 1 0 0 0 1 0 0 1 1 0 1 1 0 1 1
 0 0 1]"
12,0.9546966718680808,"[1 1 1 1 1 1 1 0 1 1 0 1 0 0 0 0 1 1 0 1 1 1 1 0 0 0 1 0 0 1 1 0 1 1 0 1 1
 0 0 1]"
12,0.9546966718680808,"[1 1 1 1 1 1 1 0 1 1 0 1 0 0 0 0 1 1 0 1 1 1 1 0 0 0 1 0 0 1 1 0 1 1 0 1 1
 0 0 1]"
12,0.9546966718680808,"[1 1 1 1 1 1 1 0 1 1 0 1 0 0 0 0 1 1 0 1 1 1 1 0 0 0 1 0 0 1 1 0 1 1 0 1 1
 0 0 1]"
12,0.9546966718680808,"[1 1 1 1 1 1 1 0 1 1 0 1 0 0 0 0 1 1 0 1 1 1 1 0 0 0 1 0 0 1 1 0 1 1 0 1 1
 0 0 1]"
12,0.9546966718680808,"[1 1 1 1 1 1 1 0 1 1 0 1 0 0 0 0 1 1 0 1 1 1 1 0 0 0 1 0 0 1 1 0 1 1 0 1 1
 0 0 1]"
12,0.9546966718680808,"[1 1 1 1 1 1 1 0 1 1 0 1 0 0 0 0 1 1 0 1 1 1 1 0 0 0 1 0 0 1 1 0 1 1 0 1 1
 0 0 1]"
12,0.9546966718680808,"[1 1 1 1 1 1 1 0 1 1 0 1 0 0 0 0 1 1 0 1 1 1 1 0 0 0 1 0 0 1 1 0 1 1 0 1 1
 0 0 1]"
12,0.9546966718680808,"[1 1 1 1 1 1 1 0 1 1 0 1 0 0 0 0 1 1 0 1 1 1 1 0 0 0 1 0 0 1 1 0 1 1 0 1 1
 0 0 1]"
12,0.9546966718680808,"[1 1 1 1 1 1 1 0 1 1 0 1 0 0 0 0 1 1 0 1 1 1 1 0 0 0 1 0 0 1 1 0 1 1 0 1 1
 0 0 1]"
12,0.9546966718680808,"[1 1 1 1 1 1 1 0 1 1 0 1 0 0 0 0 1 1 0 1 1 1 1 0 0 0 1 0 0 1 1 0 1 1 0 1 1
 0 0 1]"
12,0.9546966718680808,"[1 1 1 1 1 1 1 0 1 1 0 1 0 0 0 0 1 1 0 1 1 1 1 0 0 0 1 0 0 1 1 0 1 1 0 1 1
 0 0 1]"
12,0.9546966718680808,"[1 1 1 1 1 1 1 0 1 1 0 1 0 0 0 0 1 1 0 1 1 1 1 0 0 0 1 0 0 1 1 0 1 1 0 1 1
 0 0 1]"
12,0.9546966718680808,"[1 1 1 1 1 1 1 0 1 1 0 1 0 0 0 0 1 1 0 1 1 1 1 0 0 0 1 0 0 1 1 0 1 1 0 1 1
 0 0 1]"
12,0.9546966718680808,"[1 1 1 1 1 1 1 0 1 1 0 1 0 0 0 0 1 1 0 1 1 1 1 0 0 0 1 0 0 1 1 0 1 1 0 1 1
 0 0 1]"
12,0.9546966718680808,"[1 1 1 1 1 1 1 0 1 1 0 1 0 0 0 0 1 1 0 1 1 1 1 0 0 0 1 0 0 1 1 0 1 1 0 1 1
 0 0 1]"
12,0.9546966718680808,"[1 1 1 1 1 1 1 0 1 1 0 1 0 0 0 0 1 1 0 1 1 1 1 0 0 0 1 0 0 1 1 0 1 1 0 1 1
 0 0 1]"
12,0.9546966718680808,"[1 1 1 1 1 1 1 0 1 1 0 1 0 0 0 0 1 1 0 1 1 1 1 0 0 0 1 0 0 1 1 0 1 1 0 1 1
 0 0 1]"
12,0.9546966718680808,"[1 1 1 1 1 1 1 0 1 1 0 1 0 0 0 0 1 1 0 1 1 1 1 0 0 0 1 0 0 1 1 0 1 1 0 1 1
 0 0 1]"
12,0.9546966718680808,"[1 1 1 1 1 1 1 0 1 1 0 1 0 0 0 0 1 1 0 1 1 1 1 0 0 0 1 0 0 1 1 0 1 1 0 1 1
 0 0 1]"
12,0.9546966718680808,"[1 1 1 1 1 1 1 0 1 1 0 1 0 0 0 0 1 1 0 1 1 1 1 0 0 0 1 0 0 1 1 0 1 1 0 1 1
 0 0 1]"
12,0.9546966718680808,"[1 1 1 1 1 1 1 0 1 1 0 1 0 0 0 0 1 1 0 1 1 1 1 0 0 0 1 0 0 1 1 0 1 1 0 1 1
 0 0 1]"
12,0.9546966718680808,"[1 1 1 1 1 1 1 0 1 1 0 1 0 0 0 0 1 1 0 1 1 1 1 0 0 0 1 0 0 1 1 0 1 1 0 1 1
 0 0 1]"
12,0.9546966718680808,"[1 1 1 1 1 1 1 0 1 1 0 1 0 0 0 0 1 1 0 1 1 1 1 0 0 0 1 0 0 1 1 0 1 1 0 1 1
 0 0 1]"
12,0.9546966718680808,"[1 1 1 1 1 1 1 0 1 1 0 1 0 0 0 0 1 1 0 1 1 1 1 0 0 0 1 0 0 1 1 0 1 1 0 1 1
 0 0 1]"
12,0.9546966718680808,"[1 1 1 1 1 1 1 0 1 1 0 1 0 0 0 0 1 1 0 1 1 1 1 0 0 0 1 0 0 1 1 0 1 1 0 1 1
 0 0 1]"
12,0.9546966718680808,"[1 1 1 1 1 1 1 0 1 1 0 1 0 0 0 0 1 1 0 1 1 1 1 0 0 0 1 0 0 1 1 0 1 1 0 1 1
 0 0 1]"
12,0.9546966718680808,"[1 1 1 1 1 1 1 0 1 1 0 1 0 0 0 0 1 1 0 1 1 1 1 0 0 0 1 0 0 1 1 0 1 1 0 1 1
 0 0 1]"
12,0.9546966718680808,"[1 1 1 1 1 1 1 0 1 1 0 1 0 0 0 0 1 1 0 1 1 1 1 0 0 0 1 0 0 1 1 0 1 1 0 1 1
 0 0 1]"
12,0.9546966718680808,"[1 1 1 1 1 1 1 0 1 1 0 1 0 0 0 0 1 1 0 1 1 1 1 0 0 0 1 0 0 1 1 0 1 1 0 1 1
 0 0 1]"
12,0.9546966718680808,"[1 1 1 1 1 1 1 0 1 1 0 1 0 0 0 0 1 1 0 1 1 1 1 0 0 0 1 0 0 1 1 0 1 1 0 1 1
 0 0 1]"
12,0.9546966718680808,"[1 1 1 1 1 1 1 0 1 1 0 1 0 0 0 0 1 1 0 1 1 1 1 0 0 0 1 0 0 1 1 0 1 1 0 1 1
 0 0 1]"
12,0.9546966718680808,"[1 1 1 1 1 1 1 0 1 1 0 1 0 0 0 0 1 1 0 1 1 1 1 0 0 0 1 0 0 1 1 0 1 1 0 1 1
 0 0 1]"
12,0.9546966718680808,"[1 1 1 1 1 1 1 0 1 1 0 1 0 0 0 0 1 1 0 1 1 1 1 0 0 0 1 0 0 1 1 0 1 1 0 1 1
 0 0 1]"
12,0.9546966718680808,"[1 1 1 1 1 1 1 0 1 1 0 1 0 0 0 0 1 1 0 1 1 1 1 0 0 0 1 0 0 1 1 0 1 1 0 1 1
 0 0 1]"
12,0.9546966718680808,"[1 1 1 1 1 1 1 0 1 1 0 1 0 0 0 0 1 1 0 1 1 1 1 0 0 0 1 0 0 1 1 0 1 1 0 1 1
 0 0 1]"
12,0.9546966718680808,"[1 1 1 1 1 1 1 0 1 1 0 1 0 0 0 0 1 1 0 1 1 1 1 0 0 0 1 0 0 1 1 0 1 1 0 1 1
 0 0 1]"
12,0.9546966718680808,"[1 1 1 1 1 1 1 0 1 1 0 1 0 0 0 0 1 1 0 1 1 1 1 0 0 0 1 0 0 1 1 0 1 1 0 1 1
 0 0 1]"
12,0.9546966718680808,"[1 1 1 1 1 1 1 0 1 1 0 1 0 0 0 0 1 1 0 1 1 1 1 0 0 0 1 0 0 1 1 0 1 1 0 1 1
 0 0 1]"
12,0.9546966718680808,"[1 1 1 1 1 1 1 0 1 1 0 1 0 0 0 0 1 1 0 1 1 1 1 0 0 0 1 0 0 1 1 0 1 1 0 1 1
 0 0 1]"
12,0.9546966718680808,"[1 1 1 1 1 1 1 0 1 1 0 1 0 0 0 0 1 1 0 1 1 1 1 0 0 0 1 0 0 1 1 0 1 1 0 1 1
 0 0 1]"
12,0.9546966718680808,"[1 1 1 1 1 1 1 0 1 1 0 1 0 0 0 0 1 1 0 1 1 1 1 0 0 0 1 0 0 1 1 0 1 1 0 1 1
 0 0 1]"
12,0.9546966718680808,"[1 1 1 1 1 1 1 0 1 1 0 1 0 0 0 0 1 1 0 1 1 1 1 0 0 0 1 0 0 1 1 0 1 1 0 1 1
 0 0 1]"
12,0.9546966718680808,"[1 1 1 1 1 1 1 0 1 1 0 1 0 0 0 0 1 1 0 1 1 1 1 0 0 0 1 0 0 1 1 0 1 1 0 1 1
 0 0 1]"
12,0.9546966718680808,"[1 1 1 1 1 1 1 0 1 1 0 1 0 0 0 0 1 1 0 1 1 1 1 0 0 0 1 0 0 1 1 0 1 1 0 1 1
 0 0 1]"
12,0.9546966718680808,"[1 1 1 1 1 1 1 0 1 1 0 1 0 0 0 0 1 1 0 1 1 1 1 0 0 0 1 0 0 1 1 0 1 1 0 1 1
 0 0 1]"
12,0.9546966718680808,"[1 1 1 1 1 1 1 0 1 1 0 1 0 0 0 0 1 1 0 1 1 1 1 0 0 0 1 0 0 1 1 0 1 1 0 1 1
 0 0 1]"
12,0.9546966718680808,"[1 1 1 1 1 1 1 0 1 1 0 1 0 0 0 0 1 1 0 1 1 1 1 0 0 0 1 0 0 1 1 0 1 1 0 1 1
 0 0 1]"
12,0.9546966718680808,"[1 1 1 1 1 1 1 0 1 1 0 1 0 0 0 0 1 1 0 1 1 1 1 0 0 0 1 0 0 1 1 0 1 1 0 1 1
 0 0 1]"
12,0.9546966718680808,"[1 1 1 1 1 1 1 0 1 1 0 1 0 0 0 0 1 1 0 1 1 1 1 0 0 0 1 0 0 1 1 0 1 1 0 1 1
 0 0 1]"
12,0.9546966718680808,"[1 1 1 1 1 1 1 0 1 1 0 1 0 0 0 0 1 1 0 1 1 1 1 0 0 0 1 0 0 1 1 0 1 1 0 1 1
 0 0 1]"
12,0.9546966718680808,"[1 1 1 1 1 1 1 0 1 1 0 1 0 0 0 0 1 1 0 1 1 1 1 0 0 0 1 0 0 1 1 0 1 1 0 1 1
 0 0 1]"
12,0.9546966718680808,"[1 1 1 1 1 1 1 0 1 1 0 1 0 0 0 0 1 1 0 1 1 1 1 0 0 0 1 0 0 1 1 0 1 1 0 1 1
 0 0 1]"
12,0.9546966718680808,"[1 1 1 1 1 1 1 0 1 1 0 1 0 0 0 0 1 1 0 1 1 1 1 0 0 0 1 0 0 1 1 0 1 1 0 1 1
 0 0 1]"
12,0.9546966718680808,"[1 1 1 1 1 1 1 0 1 1 0 1 0 0 0 0 1 1 0 1 1 1 1 0 0 0 1 0 0 1 1 0 1 1 0 1 1
 0 0 1]"
step,fitness,genome
13,0.9546966718680808,"[1 1 1 1 1 1 1 0 1 1 0 1 0 0 0 0 1 1 0 1 1 1 1 0 0 0 1 0 0 1 1 0 1 1 0 1 1
 0 0 1]"
13,0.9546966718680808,"[1 1 1 1 1 1 1 0 1 1 0 1 0 0 0 0 1 1 0 1 1 1 1 0 0 0 1 0 0 1 1 0 1 1 0 1 1
 0 0 1]"
13,0.9546966718680808,"[1 1 1 1 1 1 1 0 1 1 0 1 0 0 0 0 1 1 0 1 1 1 1 0 0 0 1 0 0 1 1 0 1 1 0 1 1
 0 0 1]"
13,0.9546966718680808,"[1 1 1 1 1 1 1 0 1 1 0 1 0 0 0 0 1 1 0 1 1 1 1 0 0 0 1 0 0 1 1 0 1 1 0 1 1
 0 0 1]"
13,0.9546966718680808,"[1 1 1 1 1 1 1 0 1 1 0 1 0 0 0 0 1 1 0 1 1 1 1 0 0 0 1 0 0 1 1 0 1 1 0 1 1
 0 0 1]"
13,0.9546966718680808,"[1 1 1 1 1 1 1 0 1 1 0 1 0 0 0 0 1 1 0 1 1 1 1 0 0 0 1 0 0 1 1 0 1 1 0 1 1
 0 0 1]"
13,0.9546966718680808,"[1 1 1 1 1 1 1 0 1 1 0 1 0 0 0 0 1 1 0 1 1 1 1 0 0 0 1 0 0 1 1 0 1 1 0 1 1
 0 0 1]"
13,0.9546966718680808,"[1 1 1 1 1 1 1 0 1 1 0 1 0 0 0 0 1 1 0 1 1 1 1 0 0 0 1 0 0 1 1 0 1 1 0 1 1
 0 0 1]"
13,0.9546966718680808,"[1 1 1 1 1 1 1 0 1 1 0 1 0 0 0 0 1 1 0 1 1 1 1 0 0 0 1 0 0 1 1 0 1 1 0 1 1
 0 0 1]"
13,0.9546966718680808,"[1 1 1 1 1 1 1 0 1 1 0 1 0 0 0 0 1 1 0 1 1 1 1 0 0 0 1 0 0 1 1 0 1 1 0 1 1
 0 0 1]"
13,0.9546966718680808,"[1 1 1 1 1 1 1 0 1 1 0 1 0 0 0 0 1 1 0 1 1 1 1 0 0 0 1 0 0 1 1 0 1 1 0 1 1
 0 0 1]"
13,0.9546966718680808,"[1 1 1 1 1 1 1 0 1 1 0 1 0 0 0 0 1 1 0 1 1 1 1 0 0 0 1 0 0 1 1 0 1 1 0 1 1
 0 0 1]"
13,0.9546966718680808,"[1 1 1 1 1 1 1 0 1 1 0 1 0 0 0 0 1 1 0 1 1 1 1 0 0 0 1 0 0 1 1 0 1 1 0 1 1
 0 0 1]"
13,0.9546966718680808,"[1 1 1 1 1 1 1 0 1 1 0 1 0 0 0 0 1 1 0 1 1 1 1 0 0 0 1 0 0 1 1 0 1 1 0 1 1
 0 0 1]"
13,0.9546966718680808,"[1 1 1 1 1 1 1 0 1 1 0 1 0 0 0 0 1 1 0 1 1 1 1 0 0 0 1 0 0 1 1 0 1 1 0 1 1
 0 0 1]"
13,0.9546966718680808,"[1 1 1 1 1 1 1 0 1 1 0 1 0 0 0 0 1 1 0 1 1 1 1 0 0 0 1 0 0 1 1 0 1 1 0 1 1
 0 0 1]"
13,0.9546966718680808,"[1 1 1 1 1 1 1 0 1 1 0 1 0 0 0 0 1 1 0 1 1 1 1 0 0 0 1 0 0 1 1 0 1 1 0 1 1
 0 0 1]"
13,0.9546966718680808,"[1 1 1 1 1 1 1 0 1 1 0 1 0 0 0 0 1 1 0 1 1 1 1 0 0 0 1 0 0 1 1 0 1 1 0 1 1
 0 0 1]"
13,0.9546966718680808,"[1 1 1 1 1 1 1 0 1 1 0 1 0 0 0 0 1 1 0 1 1 1 1 0 0 0 1 0 0 1 1 0 1 1 0 1 1
 0 0 1]"
13,0.9546966718680808,"[1 1 1 1 1 1 1 0 1 1 0 1 0 0 0 0 1 1 0 1 1 1 1 0 0 0 1 0 0 1 1 0 1 1 0 1 1
 0 0 1]"
13,0.9546966718680808,"[1 1 1 1 1 1 1 0 1 1 0 1 0 0 0 0 1 1 0 1 1 1 1 0 0 0 1 0 0 1 1 0 1 1 0 1 1
 0 0 1]"
13,0.9546966718680808,"[1 1 1 1 1 1 1 0 1 1 0 1 0 0 0 0 1 1 0 1 1 1 1 0 0 0 1 0 0 1 1 0 1 1 0 1 1
 0 0 1]"
13,0.9546966718680808,"[1 1 1 1 1 1 1 0 1 1 0 1 0 0 0 0 1 1 0 1 1 1 1 0 0 0 1 0 0 1 1 0 1 1 0 1 1
 0 0 1]"
13,0.9546966718680808,"[1 1 1 1 1 1 1 0 1 1 0 1 0 0 0 0 1 1 0 1 1 1 1 0 0 0 1 0 0 1 1 0 1 1 0 1 1
 0 0 1]"
13,0.9546966718680808,"[1 1 1 1 1 1 1 0 1 1 0 1 0 0 0 0 1 1 0 1 1 1 1 0 0 0 1 0 0 1 1 0 1 1 0 1 1
 0 0 1]"
13,0.9546966718680808,"[1 1 1 1 1 1 1 0 1 1 0 1 0 0 0 0 1 1 0 1 1 1 1 0 0 0 1 0 0 1 1 0 1 1 0 1 1
 0 0 1]"
13,0.9546966718680808,"[1 1 1 1 1 1 1 0 1 1 0 1 0 0 0 0 1 1 0 1 1 1 1 0 0 0 1 0 0 1 1 0 1 1 0 1 1
 0 0 1]"
13,0.9546966718680808,"[1 1 1 1 1 1 1 0 1 1 0 1 0 0 0 0 1 1 0 1 1 1 1 0 0 0 1 0 0 1 1 0 1 1 0 1 1
 0 0 1]"
13,0.9546966718680808,"[1 1 1 1 1 1 1 0 1 1 0 1 0 0 0 0 1 1 0 1 1 1 1 0 0 0 1 0 0 1 1 0 1 1 0 1 1
 0 0 1]"
13,0.9546966718680808,"[1 1 1 1 1 1 1 0 1 1 0 1 0 0 0 0 1 1 0 1 1 1 1 0 0 0 1 0 0 1 1 0 1 1 0 1 1
 0 0 1]"
13,0.9546966718680808,"[1 1 1 1 1 1 1 0 1 1 0 1 0 0 0 0 1 1 0 1 1 1 1 0 0 0 1 0 0 1 1 0 1 1 0 1 1
 0 0 1]"
13,0.9546966718680808,"[1 1 1 1 1 1 1 0 1 1 0 1 0 0 0 0 1 1 0 1 1 1 1 0 0 0 1 0 0 1 1 0 1 1 0 1 1
 0 0 1]"
13,0.9546966718680808,"[1 1 1 1 1 1 1 0 1 1 0 1 0 0 0 0 1 1 0 1 1 1 1 0 0 0 1 0 0 1 1 0 1 1 0 1 1
 0 0 1]"
13,0.9546966718680808,"[1 1 1 1 1 1 1 0 1 1 0 1 0 0 0 0 1 1 0 1 1 1 1 0 0 0 1 0 0 1 1 0 1 1 0 1 1
 0 0 1]"
13,0.9546966718680808,"[1 1 1 1 1 1 1 0 1 1 0 1 0 0 0 0 1 1 0 1 1 1 1 0 0 0 1 0 0 1 1 0 1 1 0 1 1
 0 0 1]"
13,0.9546966718680808,"[1 1 1 1 1 1 1 0 1 1 0 1 0 0 0 0 1 1 0 1 1 1 1 0 0 0 1 0 0 1 1 0 1 1 0 1 1
 0 0 1]"
13,0.9546966718680808,"[1 1 1 1 1 1 1 0 1 1 0 1 0 0 0 0 1 1 0 1 1 1 1 0 0 0 1 0 0 1 1 0 1 1 0 1 1
 0 0 1]"
13,0.9546966718680808,"[1 1 1 1 1 1 1 0 1 1 0 1 0 0 0 0 1 1 0 1 1 1 1 0 0 0 1 0 0 1 1 0 1 1 0 1 1
 0 0 1]"
13,0.9546966718680808,"[1 1 1 1 1 1 1 0 1 1 0 1 0 0 0 0 1 1 0 1 1 1 1 0 0 0 1 0 0 1 1 0 1 1 0 1 1
 0 0 1]"
13,0.9546966718680808,"[1 1 1 1 1 1 1 0 1 1 0 1 0 0 0 0 1 1 0 1 1 1 1 0 0 0 1 0 0 1 1 0 1 1 0 1 1
 0 0 1]"
13,0.9546966718680808,"[1 1 1 1 1 1 1 0 1 1 0 1 0 0 0 0 1 1 0 1 1 1 1 0 0 0 1 0 0 1 1 0 1 1 0 1 1
 0 0 1]"
13,0.9546966718680808,"[1 1 1 1 1 1 1 0 1 1 0 1 0 0 0 0 1 1 0 1 1 1 1 0 0 0 1 0 0 1 1 0 1 1 0 1 1
 0 0 1]"
13,0.9546966718680808,"[1 1 1 1 1 1 1 0 1 1 0 1 0 0 0 0 1 1 0 1 1 1 1 0 0 0 1 0 0 1 1 0 1 1 0 1 1
 0 0 1]"
13,0.9546966718680808,"[1 1 1 1 1 1 1 0 1 1 0 1 0 0 0 0 1 1 0 1 1 1 1 0 0 0 1 0 0 1 1 0 1 1 0 1 1
 0 0 1]"
13,0.9546966718680808,"[1 1 1 1 1 1 1 0 1 1 0 1 0 0 0 0 1 1 0 1 1 1 1 0 0 0 1 0 0 1 1 0 1 1 0 1 1
 0 0 1]"
13,0.9546966718680808,"[1 1 1 1 1 1 1 0 1 1 0 1 0 0 0 0 1 1 0 1 1 1 1 0 0 0 1 0 0 1 1 0 1 1 0 1 1
 0 0 1]"
13,0.9546966718680808,"[1 1 1 1 1 1 1 0 1 1 0 1 0 0 0 0 1 1 0 1 1 1 1 0 0 0 1 0 0 1 1 0 1 1 0 1 1
 0 0 1]"
13,0.9546966718680808,"[1 1 1 1 1 1 1 0 1 1 0 1 0 0 0 0 1 1 0 1 1 1 1 0 0 0 1 0 0 1 1 0 1 1 0 1 1
 0 0 1]"
13,0.9546966718680808,"[1 1 1 1 1 1 1 0 1 1 0 1 0 0 0 0 1 1 0 1 1 1 1 0 0 0 1 0 0 1 1 0 1 1 0 1 1
 0 0 1]"
13,0.9546966718680808,"[1 1 1 1 1 1 1 0 1 1 0 1 0 0 0 0 1 1 0 1 1 1 1 0 0 0 1 0 0 1 1 0 1 1 0 1 1
 0 0 1]"
13,0.9546966718680808,"[1 1 1 1 1 1 1 0 1 1 0 1 0 0 0 0 1 1 0 1 1 1 1 0 0 0 1 0 0 1 1 0 1 1 0 1 1
 0 0 1]"
13,0.9546966718680808,"[1 1 1 1 1 1 1 0 1 1 0 1 0 0 0 0 1 1 0 1 1 1 1 0 0 0 1 0 0 1 1 0 1 1 0 1 1
 0 0 1]"
13,0.9546966718680808,"[1 1 1 1 1 1 1 0 1 1 0 1 0 0 0 0 1 1 0 1 1 1 1 0 0 0 1 0 0 1 1 0 1 1 0 1 1
 0 0 1]"
13,0.9546966718680808,"[1 1 1 1 1 1 1 0 1 1 0 1 0 0 0 0 1 1 0 1 1 1 1 0 0 0 1 0 0 1 1 0 1 1 0 1 1
 0 0 1]"
13,0.9546966718680808,"[1 1 1 1 1 1 1 0 1 1 0 1 0 0 0 0 1 1 0 1 1 1 1 0 0 0 1 0 0 1 1 0 1 1 0 1 1
 0 0 1]"
13,0.9546966718680808,"[1 1 1 1 1 1 1 0 1 1 0 1 0 0 0 0 1 1 0 1 1 1 1 0 0 0 1 0 0 1 1 0 1 1 0 1 1
 0 0 1]"
13,0.9546966718680808,"[1 1 1 1 1 1 1 0 1 1 0 1 0 0 0 0 1 1 0 1 1 1 1 0 0 0 1 0 0 1 1 0 1 1 0 1 1
 0 0 1]"
13,0.9546966718680808,"[1 1 1 1 1 1 1 0 1 1 0 1 0 0 0 0 1 1 0 1 1 1 1 0 0 0 1 0 0 1 1 0 1 1 0 1 1
 0 0 1]"
13,0.9546966718680808,"[1 1 1 1 1 1 1 0 1 1 0 1 0 0 0 0 1 1 0 1 1 1 1 0 0 0 1 0 0 1 1 0 1 1 0 1 1
 0 0 1]"
13,0.9546966718680808,"[1 1 1 1 1 1 1 0 1 1 0 1 0 0 0 0 1 1 0 1 1 1 1 0 0 0 1 0 0 1 1 0 1 1 0 1 1
 0 0 1]"
13,0.9546966718680808,"[1 1 1 1 1 1 1 0 1 1 0 1 0 0 0 0 1 1 0 1 1 1 1 0 0 0 1 0 0 1 1 0 1 1 0 1 1
 0 0 1]"
13,0.9546966718680808,"[1 1 1 1 1 1 1 0 1 1 0 1 0 0 0 0 1 1 0 1 1 1 1 0 0 0 1 0 0 1 1 0 1 1 0 1 1
 0 0 1]"
13,0.9546966718680808,"[1 1 1 1 1 1 1 0 1 1 0 1 0 0 0 0 1 1 0 1 1 1 1 0 0 0 1 0 0 1 1 0 1 1 0 1 1
 0 0 1]"
13,0.9546966718680808,"[1 1 1 1 1 1 1 0 1 1 0 1 0 0 0 0 1 1 0 1 1 1 1 0 0 0 1 0 0 1 1 0 1 1 0 1 1
 0 0 1]"
13,0.9546966718680808,"[1 1 1 1 1 1 1 0 1 1 0 1 0 0 0 0 1 1 0 1 1 1 1 0 0 0 1 0 0 1 1 0 1 1 0 1 1
 0 0 1]"
13,0.9546966718680808,"[1 1 1 1 1 1 1 0 1 1 0 1 0 0 0 0 1 1 0 1 1 1 1 0 0 0 1 0 0 1 1 0 1 1 0 1 1
 0 0 1]"
13,0.9546966718680808,"[1 1 1 1 1 1 1 0 1 1 0 1 0 0 0 0 1 1 0 1 1 1 1 0 0 0 1 0 0 1 1 0 1 1 0 1 1
 0 0 1]"
13,0.9546966718680808,"[1 1 1 1 1 1 1 0 1 1 0 1 0 0 0 0 1 1 0 1 1 1 1 0 0 0 1 0 0 1 1 0 1 1 0 1 1
 0 0 1]"
13,0.9546966718680808,"[1 1 1 1 1 1 1 0 1 1 0 1 0 0 0 0 1 1 0 1 1 1 1 0 0 0 1 0 0 1 1 0 1 1 0 1 1
 0 0 1]"
13,0.9546966718680808,"[1 1 1 1 1 1 1 0 1 1 0 1 0 0 0 0 1 1 0 1 1 1 1 0 0 0 1 0 0 1 1 0 1 1 0 1 1
 0 0 1]"
13,0.9546966718680808,"[1 1 1 1 1 1 1 0 1 1 0 1 0 0 0 0 1 1 0 1 1 1 1 0 0 0 1 0 0 1 1 0 1 1 0 1 1
 0 0 1]"
13,0.9546966718680808,"[1 1 1 1 1 1 1 0 1 1 0 1 0 0 0 0 1 1 0 1 1 1 1 0 0 0 1 0 0 1 1 0 1 1 0 1 1
 0 0 1]"
13,0.9546966718680808,"[1 1 1 1 1 1 1 0 1 1 0 1 0 0 0 0 1 1 0 1 1 1 1 0 0 0 1 0 0 1 1 0 1 1 0 1 1
 0 0 1]"
13,0.9546966718680808,"[1 1 1 1 1 1 1 0 1 1 0 1 0 0 0 0 1 1 0 1 1 1 1 0 0 0 1 0 0 1 1 0 1 1 0 1 1
 0 0 1]"
13,0.9546966718680808,"[1 1 1 1 1 1 1 0 1 1 0 1 0 0 0 0 1 1 0 1 1 1 1 0 0 0 1 0 0 1 1 0 1 1 0 1 1
 0 0 1]"
step,fitness,genome
14,0.9546966718680808,"[1 1 1 1 1 1 1 0 1 1 0 1 0 0 0 0 1 1 0 1 1 1 1 0 0 0 1 0 0 1 1 0 1 1 0 1 1
 0 0 1]"
14,0.9546966718680808,"[1 1 1 1 1 1 1 0 1 1 0 1 0 0 0 0 1 1 0 1 1 1 1 0 0 0 1 0 0 1 1 0 1 1 0 1 1
 0 0 1]"
14,0.9546966718680808,"[1 1 1 1 1 1 1 0 1 1 0 1 0 0 0 0 1 1 0 1 1 1 1 0 0 0 1 0 0 1 1 0 1 1 0 1 1
 0 0 1]"
14,0.9546966718680808,"[1 1 1 1 1 1 1 0 1 1 0 1 0 0 0 0 1 1 0 1 1 1 1 0 0 0 1 0 0 1 1 0 1 1 0 1 1
 0 0 1]"
14,0.9546966718680808,"[1 1 1 1 1 1 1 0 1 1 0 1 0 0 0 0 1 1 0 1 1 1 1 0 0 0 1 0 0 1 1 0 1 1 0 1 1
 0 0 1]"
14,0.9546966718680808,"[1 1 1 1 1 1 1 0 1 1 0 1 0 0 0 0 1 1 0 1 1 1 1 0 0 0 1 0 0 1 1 0 1 1 0 1 1
 0 0 1]"
14,0.9546966718680808,"[1 1 1 1 1 1 1 0 1 1 0 1 0 0 0 0 1 1 0 1 1 1 1 0 0 0 1 0 0 1 1 0 1 1 0 1 1
 0 0 1]"
14,0.9546966718680808,"[1 1 1 1 1 1 1 0 1 1 0 1 0 0 0 0 1 1 0 1 1 1 1 0 0 0 1 0 0 1 1 0 1 1 0 1 1
 0 0 1]"
14,0.9546966718680808,"[1 1 1 1 1 1 1 0 1 1 0 1 0 0 0 0 1 1 0 1 1 1 1 0 0 0 1 0 0 1 1 0 1 1 0 1 1
 0 0 1]"
14,0.9546966718680808,"[1 1 1 1 1 1 1 0 1 1 0 1 0 0 0 0 1 1 0 1 1 1 1 0 0 0 1 0 0 1 1 0 1 1 0 1 1
 0 0 1]"
14,0.9546966718680808,"[1 1 1 1 1 1 1 0 1 1 0 1 0 0 0 0 1 1 0 1 1 1 1 0 0 0 1 0 0 1 1 0 1 1 0 1 1
 0 0 1]"
14,0.9546966718680808,"[1 1 1 1 1 1 1 0 1 1 0 1 0 0 0 0 1 1 0 1 1 1 1 0 0 0 1 0 0 1 1 0 1 1 0 1 1
 0 0 1]"
14,0.9546966718680808,"[1 1 1 1 1 1 1 0 1 1 0 1 0 0 0 0 1 1 0 1 1 1 1 0 0 0 1 0 0 1 1 0 1 1 0 1 1
 0 0 1]"
14,0.9546966718680808,"[1 1 1 1 1 1 1 0 1 1 0 1 0 0 0 0 1 1 0 1 1 1 1 0 0 0 1 0 0 1 1 0 1 1 0 1 1
 0 0 1]"
14,0.9546966718680808,"[1 1 1 1 1 1 1 0 1 1 0 1 0 0 0 0 1 1 0 1 1 1 1 0 0 0 1 0 0 1 1 0 1 1 0 1 1
 0 0 1]"
14,0.9546966718680808,"[1 1 1 1 1 1 1 0 1 1 0 1 0 0 0 0 1 1 0 1 1 1 1 0 0 0 1 0 0 1 1 0 1 1 0 1 1
 0 0 1]"
14,0.9546966718680808,"[1 1 1 1 1 1 1 0 1 1 0 1 0 0 0 0 1 1 0 1 1 1 1 0 0 0 1 0 0 1 1 0 1 1 0 1 1
 0 0 1]"
14,0.9546966718680808,"[1 1 1 1 1 1 1 0 1 1 0 1 0 0 0 0 1 1 0 1 1 1 1 0 0 0 1 0 0 1 1 0 1 1 0 1 1
 0 0 1]"
14,0.9546966718680808,"[1 1 1 1 1 1 1 0 1 1 0 1 0 0 0 0 1 1 0 1 1 1 1 0 0 0 1 0 0 1 1 0 1 1 0 1 1
 0 0 1]"
14,0.9546966718680808,"[1 1 1 1 1 1 1 0 1 1 0 1 0 0 0 0 1 1 0 1 1 1 1 0 0 0 1 0 0 1 1 0 1 1 0 1 1
 0 0 1]"
14,0.9546966718680808,"[1 1 1 1 1 1 1 0 1 1 0 1 0 0 0 0 1 1 0 1 1 1 1 0 0 0 1 0 0 1 1 0 1 1 0 1 1
 0 0 1]"
14,0.9546966718680808,"[1 1 1 1 1 1 1 0 1 1 0 1 0 0 0 0 1 1 0 1 1 1 1 0 0 0 1 0 0 1 1 0 1 1 0 1 1
 0 0 1]"
14,0.9546966718680808,"[1 1 1 1 1 1 1 0 1 1 0 1 0 0 0 0 1 1 0 1 1 1 1 0 0 0 1 0 0 1 1 0 1 1 0 1 1
 0 0 1]"
14,0.9546966718680808,"[1 1 1 1 1 1 1 0 1 1 0 1 0 0 0 0 1 1 0 1 1 1 1 0 0 0 1 0 0 1 1 0 1 1 0 1 1
 0 0 1]"
14,0.9546966718680808,"[1 1 1 1 1 1 1 0 1 1 0 1 0 0 0 0 1 1 0 1 1 1 1 0 0 0 1 0 0 1 1 0 1 1 0 1 1
 0 0 1]"
14,0.9546966718680808,"[1 1 1 1 1 1 1 0 1 1 0 1 0 0 0 0 1 1 0 1 1 1 1 0 0 0 1 0 0 1 1 0 1 1 0 1 1
 0 0 1]"
14,0.9546966718680808,"[1 1 1 1 1 1 1 0 1 1 0 1 0 0 0 0 1 1 0 1 1 1 1 0 0 0 1 0 0 1 1 0 1 1 0 1 1
 0 0 1]"
14,0.9546966718680808,"[1 1 1 1 1 1 1 0 1 1 0 1 0 0 0 0 1 1 0 1 1 1 1 0 0 0 1 0 0 1 1 0 1 1 0 1 1
 0 0 1]"
14,0.9546966718680808,"[1 1 1 1 1 1 1 0 1 1 0 1 0 0 0 0 1 1 0 1 1 1 1 0 0 0 1 0 0 1 1 0 1 1 0 1 1
 0 0 1]"
14,0.9546966718680808,"[1 1 1 1 1 1 1 0 1 1 0 1 0 0 0 0 1 1 0 1 1 1 1 0 0 0 1 0 0 1 1 0 1 1 0 1 1
 0 0 1]"
14,0.9546966718680808,"[1 1 1 1 1 1 1 0 1 1 0 1 0 0 0 0 1 1 0 1 1 1 1 0 0 0 1 0 0 1 1 0 1 1 0 1 1
 0 0 1]"
14,0.9546966718680808,"[1 1 1 1 1 1 1 0 1 1 0 1 0 0 0 0 1 1 0 1 1 1 1 0 0 0 1 0 0 1 1 0 1 1 0 1 1
 0 0 1]"
14,0.9546966718680808,"[1 1 1 1 1 1 1 0 1 1 0 1 0 0 0 0 1 1 0 1 1 1 1 0 0 0 1 0 0 1 1 0 1 1 0 1 1
 0 0 1]"
14,0.9546966718680808,"[1 1 1 1 1 1 1 0 1 1 0 1 0 0 0 0 1 1 0 1 1 1 1 0 0 0 1 0 0 1 1 0 1 1 0 1 1
 0 0 1]"
14,0.9546966718680808,"[1 1 1 1 1 1 1 0 1 1 0 1 0 0 0 0 1 1 0 1 1 1 1 0 0 0 1 0 0 1 1 0 1 1 0 1 1
 0 0 1]"
14,0.9546966718680808,"[1 1 1 1 1 1 1 0 1 1 0 1 0 0 0 0 1 1 0 1 1 1 1 0 0 0 1 0 0 1 1 0 1 1 0 1 1
 0 0 1]"
14,0.9546966718680808,"[1 1 1 1 1 1 1 0 1 1 0 1 0 0 0 0 1 1 0 1 1 1 1 0 0 0 1 0 0 1 1 0 1 1 0 1 1
 0 0 1]"
14,0.9546966718680808,"[1 1 1 1 1 1 1 0 1 1 0 1 0 0 0 0 1 1 0 1 1 1 1 0 0 0 1 0 0 1 1 0 1 1 0 1 1
 0 0 1]"
14,0.9546966718680808,"[1 1 1 1 1 1 1 0 1 1 0 1 0 0 0 0 1 1 0 1 1 1 1 0 0 0 1 0 0 1 1 0 1 1 0 1 1
 0 0 1]"
14,0.9546966718680808,"[1 1 1 1 1 1 1 0 1 1 0 1 0 0 0 0 1 1 0 1 1 1 1 0 0 0 1 0 0 1 1 0 1 1 0 1 1
 0 0 1]"
14,0.9546966718680808,"[1 1 1 1 1 1 1 0 1 1 0 1 0 0 0 0 1 1 0 1 1 1 1 0 0 0 1 0 0 1 1 0 1 1 0 1 1
 0 0 1]"
14,0.9546966718680808,"[1 1 1 1 1 1 1 0 1 1 0 1 0 0 0 0 1 1 0 1 1 1 1 0 0 0 1 0 0 1 1 0 1 1 0 1 1
 0 0 1]"
14,0.9546966718680808,"[1 1 1 1 1 1 1 0 1 1 0 1 0 0 0 0 1 1 0 1 1 1 1 0 0 0 1 0 0 1 1 0 1 1 0 1 1
 0 0 1]"
14,0.9546966718680808,"[1 1 1 1 1 1 1 0 1 1 0 1 0 0 0 0 1 1 0 1 1 1 1 0 0 0 1 0 0 1 1 0 1 1 0 1 1
 0 0 1]"
14,0.9546966718680808,"[1 1 1 1 1 1 1 0 1 1 0 1 0 0 0 0 1 1 0 1 1 1 1 0 0 0 1 0 0 1 1 0 1 1 0 1 1
 0 0 1]"
14,0.9546966718680808,"[1 1 1 1 1 1 1 0 1 1 0 1 0 0 0 0 1 1 0 1 1 1 1 0 0 0 1 0 0 1 1 0 1 1 0 1 1
 0 0 1]"
14,0.9546966718680808,"[1 1 1 1 1 1 1 0 1 1 0 1 0 0 0 0 1 1 0 1 1 1 1 0 0 0 1 0 0 1 1 0 1 1 0 1 1
 0 0 1]"
14,0.9546966718680808,"[1 1 1 1 1 1 1 0 1 1 0 1 0 0 0 0 1 1 0 1 1 1 1 0 0 0 1 0 0 1 1 0 1 1 0 1 1
 0 0 1]"
14,0.9546966718680808,"[1 1 1 1 1 1 1 0 1 1 0 1 0 0 0 0 1 1 0 1 1 1 1 0 0 0 1 0 0 1 1 0 1 1 0 1 1
 0 0 1]"
14,0.9546966718680808,"[1 1 1 1 1 1 1 0 1 1 0 1 0 0 0 0 1 1 0 1 1 1 1 0 0 0 1 0 0 1 1 0 1 1 0 1 1
 0 0 1]"
14,0.9546966718680808,"[1 1 1 1 1 1 1 0 1 1 0 1 0 0 0 0 1 1 0 1 1 1 1 0 0 0 1 0 0 1 1 0 1 1 0 1 1
 0 0 1]"
14,0.9546966718680808,"[1 1 1 1 1 1 1 0 1 1 0 1 0 0 0 0 1 1 0 1 1 1 1 0 0 0 1 0 0 1 1 0 1 1 0 1 1
 0 0 1]"
14,0.9546966718680808,"[1 1 1 1 1 1 1 0 1 1 0 1 0 0 0 0 1 1 0 1 1 1 1 0 0 0 1 0 0 1 1 0 1 1 0 1 1
 0 0 1]"
14,0.9546966718680808,"[1 1 1 1 1 1 1 0 1 1 0 1 0 0 0 0 1 1 0 1 1 1 1 0 0 0 1 0 0 1 1 0 1 1 0 1 1
 0 0 1]"
14,0.9546966718680808,"[1 1 1 1 1 1 1 0 1 1 0 1 0 0 0 0 1 1 0 1 1 1 1 0 0 0 1 0 0 1 1 0 1 1 0 1 1
 0 0 1]"
14,0.9546966718680808,"[1 1 1 1 1 1 1 0 1 1 0 1 0 0 0 0 1 1 0 1 1 1 1 0 0 0 1 0 0 1 1 0 1 1 0 1 1
 0 0 1]"
14,0.9546966718680808,"[1 1 1 1 1 1 1 0 1 1 0 1 0 0 0 0 1 1 0 1 1 1 1 0 0 0 1 0 0 1 1 0 1 1 0 1 1
 0 0 1]"
14,0.9546966718680808,"[1 1 1 1 1 1 1 0 1 1 0 1 0 0 0 0 1 1 0 1 1 1 1 0 0 0 1 0 0 1 1 0 1 1 0 1 1
 0 0 1]"
14,0.9546966718680808,"[1 1 1 1 1 1 1 0 1 1 0 1 0 0 0 0 1 1 0 1 1 1 1 0 0 0 1 0 0 1 1 0 1 1 0 1 1
 0 0 1]"
14,0.9546966718680808,"[1 1 1 1 1 1 1 0 1 1 0 1 0 0 0 0 1 1 0 1 1 1 1 0 0 0 1 0 0 1 1 0 1 1 0 1 1
 0 0 1]"
14,0.9546966718680808,"[1 1 1 1 1 1 1 0 1 1 0 1 0 0 0 0 1 1 0 1 1 1 1 0 0 0 1 0 0 1 1 0 1 1 0 1 1
 0 0 1]"
14,0.9546966718680808,"[1 1 1 1 1 1 1 0 1 1 0 1 0 0 0 0 1 1 0 1 1 1 1 0 0 0 1 0 0 1 1 0 1 1 0 1 1
 0 0 1]"
14,0.9546966718680808,"[1 1 1 1 1 1 1 0 1 1 0 1 0 0 0 0 1 1 0 1 1 1 1 0 0 0 1 0 0 1 1 0 1 1 0 1 1
 0 0 1]"
14,0.9546966718680808,"[1 1 1 1 1 1 1 0 1 1 0 1 0 0 0 0 1 1 0 1 1 1 1 0 0 0 1 0 0 1 1 0 1 1 0 1 1
 0 0 1]"
14,0.9546966718680808,"[1 1 1 1 1 1 1 0 1 1 0 1 0 0 0 0 1 1 0 1 1 1 1 0 0 0 1 0 0 1 1 0 1 1 0 1 1
 0 0 1]"
14,0.9546966718680808,"[1 1 1 1 1 1 1 0 1 1 0 1 0 0 0 0 1 1 0 1 1 1 1 0 0 0 1 0 0 1 1 0 1 1 0 1 1
 0 0 1]"
14,0.9546966718680808,"[1 1 1 1 1 1 1 0 1 1 0 1 0 0 0 0 1 1 0 1 1 1 1 0 0 0 1 0 0 1 1 0 1 1 0 1 1
 0 0 1]"
14,0.9546966718680808,"[1 1 1 1 1 1 1 0 1 1 0 1 0 0 0 0 1 1 0 1 1 1 1 0 0 0 1 0 0 1 1 0 1 1 0 1 1
 0 0 1]"
14,0.9546966718680808,"[1 1 1 1 1 1 1 0 1 1 0 1 0 0 0 0 1 1 0 1 1 1 1 0 0 0 1 0 0 1 1 0 1 1 0 1 1
 0 0 1]"
14,0.9546966718680808,"[1 1 1 1 1 1 1 0 1 1 0 1 0 0 0 0 1 1 0 1 1 1 1 0 0 0 1 0 0 1 1 0 1 1 0 1 1
 0 0 1]"
14,0.9546966718680808,"[1 1 1 1 1 1 1 0 1 1 0 1 0 0 0 0 1 1 0 1 1 1 1 0 0 0 1 0 0 1 1 0 1 1 0 1 1
 0 0 1]"
14,0.9546966718680808,"[1 1 1 1 1 1 1 0 1 1 0 1 0 0 0 0 1 1 0 1 1 1 1 0 0 0 1 0 0 1 1 0 1 1 0 1 1
 0 0 1]"
14,0.9546966718680808,"[1 1 1 1 1 1 1 0 1 1 0 1 0 0 0 0 1 1 0 1 1 1 1 0 0 0 1 0 0 1 1 0 1 1 0 1 1
 0 0 1]"
14,0.9546966718680808,"[1 1 1 1 1 1 1 0 1 1 0 1 0 0 0 0 1 1 0 1 1 1 1 0 0 0 1 0 0 1 1 0 1 1 0 1 1
 0 0 1]"
14,0.9546966718680808,"[1 1 1 1 1 1 1 0 1 1 0 1 0 0 0 0 1 1 0 1 1 1 1 0 0 0 1 0 0 1 1 0 1 1 0 1 1
 0 0 1]"
step,fitness,genome
15,0.9546966718680808,"[1 1 1 1 1 1 1 0 1 1 0 1 0 0 0 0 1 1 0 1 1 1 1 0 0 0 1 0 0 1 1 0 1 1 0 1 1
 0 0 1]"
15,0.9546966718680808,"[1 1 1 1 1 1 1 0 1 1 0 1 0 0 0 0 1 1 0 1 1 1 1 0 0 0 1 0 0 1 1 0 1 1 0 1 1
 0 0 1]"
15,0.9546966718680808,"[1 1 1 1 1 1 1 0 1 1 0 1 0 0 0 0 1 1 0 1 1 1 1 0 0 0 1 0 0 1 1 0 1 1 0 1 1
 0 0 1]"
15,0.9546966718680808,"[1 1 1 1 1 1 1 0 1 1 0 1 0 0 0 0 1 1 0 1 1 1 1 0 0 0 1 0 0 1 1 0 1 1 0 1 1
 0 0 1]"
15,0.9546966718680808,"[1 1 1 1 1 1 1 0 1 1 0 1 0 0 0 0 1 1 0 1 1 1 1 0 0 0 1 0 0 1 1 0 1 1 0 1 1
 0 0 1]"
15,0.9546966718680808,"[1 1 1 1 1 1 1 0 1 1 0 1 0 0 0 0 1 1 0 1 1 1 1 0 0 0 1 0 0 1 1 0 1 1 0 1 1
 0 0 1]"
15,0.9546966718680808,"[1 1 1 1 1 1 1 0 1 1 0 1 0 0 0 0 1 1 0 1 1 1 1 0 0 0 1 0 0 1 1 0 1 1 0 1 1
 0 0 1]"
15,0.9546966718680808,"[1 1 1 1 1 1 1 0 1 1 0 1 0 0 0 0 1 1 0 1 1 1 1 0 0 0 1 0 0 1 1 0 1 1 0 1 1
 0 0 1]"
15,0.9546966718680808,"[1 1 1 1 1 1 1 0 1 1 0 1 0 0 0 0 1 1 0 1 1 1 1 0 0 0 1 0 0 1 1 0 1 1 0 1 1
 0 0 1]"
15,0.9546966718680808,"[1 1 1 1 1 1 1 0 1 1 0 1 0 0 0 0 1 1 0 1 1 1 1 0 0 0 1 0 0 1 1 0 1 1 0 1 1
 0 0 1]"
15,0.9546966718680808,"[1 1 1 1 1 1 1 0 1 1 0 1 0 0 0 0 1 1 0 1 1 1 1 0 0 0 1 0 0 1 1 0 1 1 0 1 1
 0 0 1]"
15,0.9546966718680808,"[1 1 1 1 1 1 1 0 1 1 0 1 0 0 0 0 1 1 0 1 1 1 1 0 0 0 1 0 0 1 1 0 1 1 0 1 1
 0 0 1]"
15,0.9546966718680808,"[1 1 1 1 1 1 1 0 1 1 0 1 0 0 0 0 1 1 0 1 1 1 1 0 0 0 1 0 0 1 1 0 1 1 0 1 1
 0 0 1]"
15,0.9546966718680808,"[1 1 1 1 1 1 1 0 1 1 0 1 0 0 0 0 1 1 0 1 1 1 1 0 0 0 1 0 0 1 1 0 1 1 0 1 1
 0 0 1]"
15,0.9546966718680808,"[1 1 1 1 1 1 1 0 1 1 0 1 0 0 0 0 1 1 0 1 1 1 1 0 0 0 1 0 0 1 1 0 1 1 0 1 1
 0 0 1]"
15,0.9546966718680808,"[1 1 1 1 1 1 1 0 1 1 0 1 0 0 0 0 1 1 0 1 1 1 1 0 0 0 1 0 0 1 1 0 1 1 0 1 1
 0 0 1]"
15,0.9546966718680808,"[1 1 1 1 1 1 1 0 1 1 0 1 0 0 0 0 1 1 0 1 1 1 1 0 0 0 1 0 0 1 1 0 1 1 0 1 1
 0 0 1]"
15,0.9546966718680808,"[1 1 1 1 1 1 1 0 1 1 0 1 0 0 0 0 1 1 0 1 1 1 1 0 0 0 1 0 0 1 1 0 1 1 0 1 1
 0 0 1]"
15,0.9546966718680808,"[1 1 1 1 1 1 1 0 1 1 0 1 0 0 0 0 1 1 0 1 1 1 1 0 0 0 1 0 0 1 1 0 1 1 0 1 1
 0 0 1]"
15,0.9546966718680808,"[1 1 1 1 1 1 1 0 1 1 0 1 0 0 0 0 1 1 0 1 1 1 1 0 0 0 1 0 0 1 1 0 1 1 0 1 1
 0 0 1]"
15,0.9546966718680808,"[1 1 1 1 1 1 1 0 1 1 0 1 0 0 0 0 1 1 0 1 1 1 1 0 0 0 1 0 0 1 1 0 1 1 0 1 1
 0 0 1]"
15,0.9546966718680808,"[1 1 1 1 1 1 1 0 1 1 0 1 0 0 0 0 1 1 0 1 1 1 1 0 0 0 1 0 0 1 1 0 1 1 0 1 1
 0 0 1]"
15,0.9546966718680808,"[1 1 1 1 1 1 1 0 1 1 0 1 0 0 0 0 1 1 0 1 1 1 1 0 0 0 1 0 0 1 1 0 1 1 0 1 1
 0 0 1]"
15,0.9546966718680808,"[1 1 1 1 1 1 1 0 1 1 0 1 0 0 0 0 1 1 0 1 1 1 1 0 0 0 1 0 0 1 1 0 1 1 0 1 1
 0 0 1]"
15,0.9546966718680808,"[1 1 1 1 1 1 1 0 1 1 0 1 0 0 0 0 1 1 0 1 1 1 1 0 0 0 1 0 0 1 1 0 1 1 0 1 1
 0 0 1]"
15,0.9546966718680808,"[1 1 1 1 1 1 1 0 1 1 0 1 0 0 0 0 1 1 0 1 1 1 1 0 0 0 1 0 0 1 1 0 1 1 0 1 1
 0 0 1]"
15,0.9546966718680808,"[1 1 1 1 1 1 1 0 1 1 0 1 0 0 0 0 1 1 0 1 1 1 1 0 0 0 1 0 0 1 1 0 1 1 0 1 1
 0 0 1]"
15,0.9546966718680808,"[1 1 1 1 1 1 1 0 1 1 0 1 0 0 0 0 1 1 0 1 1 1 1 0 0 0 1 0 0 1 1 0 1 1 0 1 1
 0 0 1]"
15,0.9546966718680808,"[1 1 1 1 1 1 1 0 1 1 0 1 0 0 0 0 1 1 0 1 1 1 1 0 0 0 1 0 0 1 1 0 1 1 0 1 1
 0 0 1]"
15,0.9546966718680808,"[1 1 1 1 1 1 1 0 1 1 0 1 0 0 0 0 1 1 0 1 1 1 1 0 0 0 1 0 0 1 1 0 1 1 0 1 1
 0 0 1]"
15,0.9546966718680808,"[1 1 1 1 1 1 1 0 1 1 0 1 0 0 0 0 1 1 0 1 1 1 1 0 0 0 1 0 0 1 1 0 1 1 0 1 1
 0 0 1]"
15,0.9546966718680808,"[1 1 1 1 1 1 1 0 1 1 0 1 0 0 0 0 1 1 0 1 1 1 1 0 0 0 1 0 0 1 1 0 1 1 0 1 1
 0 0 1]"
15,0.9546966718680808,"[1 1 1 1 1 1 1 0 1 1 0 1 0 0 0 0 1 1 0 1 1 1 1 0 0 0 1 0 0 1 1 0 1 1 0 1 1
 0 0 1]"
15,0.9546966718680808,"[1 1 1 1 1 1 1 0 1 1 0 1 0 0 0 0 1 1 0 1 1 1 1 0 0 0 1 0 0 1 1 0 1 1 0 1 1
 0 0 1]"
15,0.9546966718680808,"[1 1 1 1 1 1 1 0 1 1 0 1 0 0 0 0 1 1 0 1 1 1 1 0 0 0 1 0 0 1 1 0 1 1 0 1 1
 0 0 1]"
15,0.9546966718680808,"[1 1 1 1 1 1 1 0 1 1 0 1 0 0 0 0 1 1 0 1 1 1 1 0 0 0 1 0 0 1 1 0 1 1 0 1 1
 0 0 1]"
15,0.9546966718680808,"[1 1 1 1 1 1 1 0 1 1 0 1 0 0 0 0 1 1 0 1 1 1 1 0 0 0 1 0 0 1 1 0 1 1 0 1 1
 0 0 1]"
15,0.9546966718680808,"[1 1 1 1 1 1 1 0 1 1 0 1 0 0 0 0 1 1 0 1 1 1 1 0 0 0 1 0 0 1 1 0 1 1 0 1 1
 0 0 1]"
15,0.9546966718680808,"[1 1 1 1 1 1 1 0 1 1 0 1 0 0 0 0 1 1 0 1 1 1 1 0 0 0 1 0 0 1 1 0 1 1 0 1 1
 0 0 1]"
15,0.9546966718680808,"[1 1 1 1 1 1 1 0 1 1 0 1 0 0 0 0 1 1 0 1 1 1 1 0 0 0 1 0 0 1 1 0 1 1 0 1 1
 0 0 1]"
15,0.9546966718680808,"[1 1 1 1 1 1 1 0 1 1 0 1 0 0 0 0 1 1 0 1 1 1 1 0 0 0 1 0 0 1 1 0 1 1 0 1 1
 0 0 1]"
15,0.9546966718680808,"[1 1 1 1 1 1 1 0 1 1 0 1 0 0 0 0 1 1 0 1 1 1 1 0 0 0 1 0 0 1 1 0 1 1 0 1 1
 0 0 1]"
15,0.9546966718680808,"[1 1 1 1 1 1 1 0 1 1 0 1 0 0 0 0 1 1 0 1 1 1 1 0 0 0 1 0 0 1 1 0 1 1 0 1 1
 0 0 1]"
15,0.9546966718680808,"[1 1 1 1 1 1 1 0 1 1 0 1 0 0 0 0 1 1 0 1 1 1 1 0 0 0 1 0 0 1 1 0 1 1 0 1 1
 0 0 1]"
15,0.9546966718680808,"[1 1 1 1 1 1 1 0 1 1 0 1 0 0 0 0 1 1 0 1 1 1 1 0 0 0 1 0 0 1 1 0 1 1 0 1 1
 0 0 1]"
15,0.9546966718680808,"[1 1 1 1 1 1 1 0 1 1 0 1 0 0 0 0 1 1 0 1 1 1 1 0 0 0 1 0 0 1 1 0 1 1 0 1 1
 0 0 1]"
15,0.9546966718680808,"[1 1 1 1 1 1 1 0 1 1 0 1 0 0 0 0 1 1 0 1 1 1 1 0 0 0 1 0 0 1 1 0 1 1 0 1 1
 0 0 1]"
15,0.9546966718680808,"[1 1 1 1 1 1 1 0 1 1 0 1 0 0 0 0 1 1 0 1 1 1 1 0 0 0 1 0 0 1 1 0 1 1 0 1 1
 0 0 1]"
15,0.9546966718680808,"[1 1 1 1 1 1 1 0 1 1 0 1 0 0 0 0 1 1 0 1 1 1 1 0 0 0 1 0 0 1 1 0 1 1 0 1 1
 0 0 1]"
15,0.9546966718680808,"[1 1 1 1 1 1 1 0 1 1 0 1 0 0 0 0 1 1 0 1 1 1 1 0 0 0 1 0 0 1 1 0 1 1 0 1 1
 0 0 1]"
15,0.9546966718680808,"[1 1 1 1 1 1 1 0 1 1 0 1 0 0 0 0 1 1 0 1 1 1 1 0 0 0 1 0 0 1 1 0 1 1 0 1 1
 0 0 1]"
15,0.9546966718680808,"[1 1 1 1 1 1 1 0 1 1 0 1 0 0 0 0 1 1 0 1 1 1 1 0 0 0 1 0 0 1 1 0 1 1 0 1 1
 0 0 1]"
15,0.9546966718680808,"[1 1 1 1 1 1 1 0 1 1 0 1 0 0 0 0 1 1 0 1 1 1 1 0 0 0 1 0 0 1 1 0 1 1 0 1 1
 0 0 1]"
15,0.9546966718680808,"[1 1 1 1 1 1 1 0 1 1 0 1 0 0 0 0 1 1 0 1 1 1 1 0 0 0 1 0 0 1 1 0 1 1 0 1 1
 0 0 1]"
15,0.9546966718680808,"[1 1 1 1 1 1 1 0 1 1 0 1 0 0 0 0 1 1 0 1 1 1 1 0 0 0 1 0 0 1 1 0 1 1 0 1 1
 0 0 1]"
15,0.9546966718680808,"[1 1 1 1 1 1 1 0 1 1 0 1 0 0 0 0 1 1 0 1 1 1 1 0 0 0 1 0 0 1 1 0 1 1 0 1 1
 0 0 1]"
15,0.9546966718680808,"[1 1 1 1 1 1 1 0 1 1 0 1 0 0 0 0 1 1 0 1 1 1 1 0 0 0 1 0 0 1 1 0 1 1 0 1 1
 0 0 1]"
15,0.9546966718680808,"[1 1 1 1 1 1 1 0 1 1 0 1 0 0 0 0 1 1 0 1 1 1 1 0 0 0 1 0 0 1 1 0 1 1 0 1 1
 0 0 1]"
15,0.9546966718680808,"[1 1 1 1 1 1 1 0 1 1 0 1 0 0 0 0 1 1 0 1 1 1 1 0 0 0 1 0 0 1 1 0 1 1 0 1 1
 0 0 1]"
15,0.9546966718680808,"[1 1 1 1 1 1 1 0 1 1 0 1 0 0 0 0 1 1 0 1 1 1 1 0 0 0 1 0 0 1 1 0 1 1 0 1 1
 0 0 1]"
15,0.9546966718680808,"[1 1 1 1 1 1 1 0 1 1 0 1 0 0 0 0 1 1 0 1 1 1 1 0 0 0 1 0 0 1 1 0 1 1 0 1 1
 0 0 1]"
15,0.9546966718680808,"[1 1 1 1 1 1 1 0 1 1 0 1 0 0 0 0 1 1 0 1 1 1 1 0 0 0 1 0 0 1 1 0 1 1 0 1 1
 0 0 1]"
15,0.9546966718680808,"[1 1 1 1 1 1 1 0 1 1 0 1 0 0 0 0 1 1 0 1 1 1 1 0 0 0 1 0 0 1 1 0 1 1 0 1 1
 0 0 1]"
15,0.9546966718680808,"[1 1 1 1 1 1 1 0 1 1 0 1 0 0 0 0 1 1 0 1 1 1 1 0 0 0 1 0 0 1 1 0 1 1 0 1 1
 0 0 1]"
15,0.9546966718680808,"[1 1 1 1 1 1 1 0 1 1 0 1 0 0 0 0 1 1 0 1 1 1 1 0 0 0 1 0 0 1 1 0 1 1 0 1 1
 0 0 1]"
15,0.9546966718680808,"[1 1 1 1 1 1 1 0 1 1 0 1 0 0 0 0 1 1 0 1 1 1 1 0 0 0 1 0 0 1 1 0 1 1 0 1 1
 0 0 1]"
15,0.9546966718680808,"[1 1 1 1 1 1 1 0 1 1 0 1 0 0 0 0 1 1 0 1 1 1 1 0 0 0 1 0 0 1 1 0 1 1 0 1 1
 0 0 1]"
15,0.9546966718680808,"[1 1 1 1 1 1 1 0 1 1 0 1 0 0 0 0 1 1 0 1 1 1 1 0 0 0 1 0 0 1 1 0 1 1 0 1 1
 0 0 1]"
15,0.9546966718680808,"[1 1 1 1 1 1 1 0 1 1 0 1 0 0 0 0 1 1 0 1 1 1 1 0 0 0 1 0 0 1 1 0 1 1 0 1 1
 0 0 1]"
15,0.9546966718680808,"[1 1 1 1 1 1 1 0 1 1 0 1 0 0 0 0 1 1 0 1 1 1 1 0 0 0 1 0 0 1 1 0 1 1 0 1 1
 0 0 1]"
15,0.9546966718680808,"[1 1 1 1 1 1 1 0 1 1 0 1 0 0 0 0 1 1 0 1 1 1 1 0 0 0 1 0 0 1 1 0 1 1 0 1 1
 0 0 1]"
15,0.9546966718680808,"[1 1 1 1 1 1 1 0 1 1 0 1 0 0 0 0 1 1 0 1 1 1 1 0 0 0 1 0 0 1 1 0 1 1 0 1 1
 0 0 1]"
15,0.9546966718680808,"[1 1 1 1 1 1 1 0 1 1 0 1 0 0 0 0 1 1 0 1 1 1 1 0 0 0 1 0 0 1 1 0 1 1 0 1 1
 0 0 1]"
15,0.9546966718680808,"[1 1 1 1 1 1 1 0 1 1 0 1 0 0 0 0 1 1 0 1 1 1 1 0 0 0 1 0 0 1 1 0 1 1 0 1 1
 0 0 1]"
15,0.9546966718680808,"[1 1 1 1 1 1 1 0 1 1 0 1 0 0 0 0 1 1 0 1 1 1 1 0 0 0 1 0 0 1 1 0 1 1 0 1 1
 0 0 1]"
step,fitness,genome
16,0.9546966718680808,"[1 1 1 1 1 1 1 0 1 1 0 1 0 0 0 0 1 1 0 1 1 1 1 0 0 0 1 0 0 1 1 0 1 1 0 1 1
 0 0 1]"
16,0.9546966718680808,"[1 1 1 1 1 1 1 0 1 1 0 1 0 0 0 0 1 1 0 1 1 1 1 0 0 0 1 0 0 1 1 0 1 1 0 1 1
 0 0 1]"
16,0.9546966718680808,"[1 1 1 1 1 1 1 0 1 1 0 1 0 0 0 0 1 1 0 1 1 1 1 0 0 0 1 0 0 1 1 0 1 1 0 1 1
 0 0 1]"
16,0.9546966718680808,"[1 1 1 1 1 1 1 0 1 1 0 1 0 0 0 0 1 1 0 1 1 1 1 0 0 0 1 0 0 1 1 0 1 1 0 1 1
 0 0 1]"
16,0.9546966718680808,"[1 1 1 1 1 1 1 0 1 1 0 1 0 0 0 0 1 1 0 1 1 1 1 0 0 0 1 0 0 1 1 0 1 1 0 1 1
 0 0 1]"
16,0.9546966718680808,"[1 1 1 1 1 1 1 0 1 1 0 1 0 0 0 0 1 1 0 1 1 1 1 0 0 0 1 0 0 1 1 0 1 1 0 1 1
 0 0 1]"
16,0.9546966718680808,"[1 1 1 1 1 1 1 0 1 1 0 1 0 0 0 0 1 1 0 1 1 1 1 0 0 0 1 0 0 1 1 0 1 1 0 1 1
 0 0 1]"
16,0.9546966718680808,"[1 1 1 1 1 1 1 0 1 1 0 1 0 0 0 0 1 1 0 1 1 1 1 0 0 0 1 0 0 1 1 0 1 1 0 1 1
 0 0 1]"
16,0.9546966718680808,"[1 1 1 1 1 1 1 0 1 1 0 1 0 0 0 0 1 1 0 1 1 1 1 0 0 0 1 0 0 1 1 0 1 1 0 1 1
 0 0 1]"
16,0.9546966718680808,"[1 1 1 1 1 1 1 0 1 1 0 1 0 0 0 0 1 1 0 1 1 1 1 0 0 0 1 0 0 1 1 0 1 1 0 1 1
 0 0 1]"
16,0.9546966718680808,"[1 1 1 1 1 1 1 0 1 1 0 1 0 0 0 0 1 1 0 1 1 1 1 0 0 0 1 0 0 1 1 0 1 1 0 1 1
 0 0 1]"
16,0.9546966718680808,"[1 1 1 1 1 1 1 0 1 1 0 1 0 0 0 0 1 1 0 1 1 1 1 0 0 0 1 0 0 1 1 0 1 1 0 1 1
 0 0 1]"
16,0.9546966718680808,"[1 1 1 1 1 1 1 0 1 1 0 1 0 0 0 0 1 1 0 1 1 1 1 0 0 0 1 0 0 1 1 0 1 1 0 1 1
 0 0 1]"
16,0.9546966718680808,"[1 1 1 1 1 1 1 0 1 1 0 1 0 0 0 0 1 1 0 1 1 1 1 0 0 0 1 0 0 1 1 0 1 1 0 1 1
 0 0 1]"
16,0.9546966718680808,"[1 1 1 1 1 1 1 0 1 1 0 1 0 0 0 0 1 1 0 1 1 1 1 0 0 0 1 0 0 1 1 0 1 1 0 1 1
 0 0 1]"
16,0.9546966718680808,"[1 1 1 1 1 1 1 0 1 1 0 1 0 0 0 0 1 1 0 1 1 1 1 0 0 0 1 0 0 1 1 0 1 1 0 1 1
 0 0 1]"
16,0.9546966718680808,"[1 1 1 1 1 1 1 0 1 1 0 1 0 0 0 0 1 1 0 1 1 1 1 0 0 0 1 0 0 1 1 0 1 1 0 1 1
 0 0 1]"
16,0.9546966718680808,"[1 1 1 1 1 1 1 0 1 1 0 1 0 0 0 0 1 1 0 1 1 1 1 0 0 0 1 0 0 1 1 0 1 1 0 1 1
 0 0 1]"
16,0.9546966718680808,"[1 1 1 1 1 1 1 0 1 1 0 1 0 0 0 0 1 1 0 1 1 1 1 0 0 0 1 0 0 1 1 0 1 1 0 1 1
 0 0 1]"
16,0.9546966718680808,"[1 1 1 1 1 1 1 0 1 1 0 1 0 0 0 0 1 1 0 1 1 1 1 0 0 0 1 0 0 1 1 0 1 1 0 1 1
 0 0 1]"
16,0.9546966718680808,"[1 1 1 1 1 1 1 0 1 1 0 1 0 0 0 0 1 1 0 1 1 1 1 0 0 0 1 0 0 1 1 0 1 1 0 1 1
 0 0 1]"
16,0.9546966718680808,"[1 1 1 1 1 1 1 0 1 1 0 1 0 0 0 0 1 1 0 1 1 1 1 0 0 0 1 0 0 1 1 0 1 1 0 1 1
 0 0 1]"
16,0.9546966718680808,"[1 1 1 1 1 1 1 0 1 1 0 1 0 0 0 0 1 1 0 1 1 1 1 0 0 0 1 0 0 1 1 0 1 1 0 1 1
 0 0 1]"
16,0.9546966718680808,"[1 1 1 1 1 1 1 0 1 1 0 1 0 0 0 0 1 1 0 1 1 1 1 0 0 0 1 0 0 1 1 0 1 1 0 1 1
 0 0 1]"
16,0.9546966718680808,"[1 1 1 1 1 1 1 0 1 1 0 1 0 0 0 0 1 1 0 1 1 1 1 0 0 0 1 0 0 1 1 0 1 1 0 1 1
 0 0 1]"
16,0.9546966718680808,"[1 1 1 1 1 1 1 0 1 1 0 1 0 0 0 0 1 1 0 1 1 1 1 0 0 0 1 0 0 1 1 0 1 1 0 1 1
 0 0 1]"
16,0.9546966718680808,"[1 1 1 1 1 1 1 0 1 1 0 1 0 0 0 0 1 1 0 1 1 1 1 0 0 0 1 0 0 1 1 0 1 1 0 1 1
 0 0 1]"
16,0.9546966718680808,"[1 1 1 1 1 1 1 0 1 1 0 1 0 0 0 0 1 1 0 1 1 1 1 0 0 0 1 0 0 1 1 0 1 1 0 1 1
 0 0 1]"
16,0.9546966718680808,"[1 1 1 1 1 1 1 0 1 1 0 1 0 0 0 0 1 1 0 1 1 1 1 0 0 0 1 0 0 1 1 0 1 1 0 1 1
 0 0 1]"
16,0.9546966718680808,"[1 1 1 1 1 1 1 0 1 1 0 1 0 0 0 0 1 1 0 1 1 1 1 0 0 0 1 0 0 1 1 0 1 1 0 1 1
 0 0 1]"
16,0.9546966718680808,"[1 1 1 1 1 1 1 0 1 1 0 1 0 0 0 0 1 1 0 1 1 1 1 0 0 0 1 0 0 1 1 0 1 1 0 1 1
 0 0 1]"
16,0.9546966718680808,"[1 1 1 1 1 1 1 0 1 1 0 1 0 0 0 0 1 1 0 1 1 1 1 0 0 0 1 0 0 1 1 0 1 1 0 1 1
 0 0 1]"
16,0.9546966718680808,"[1 1 1 1 1 1 1 0 1 1 0 1 0 0 0 0 1 1 0 1 1 1 1 0 0 0 1 0 0 1 1 0 1 1 0 1 1
 0 0 1]"
16,0.9546966718680808,"[1 1 1 1 1 1 1 0 1 1 0 1 0 0 0 0 1 1 0 1 1 1 1 0 0 0 1 0 0 1 1 0 1 1 0 1 1
 0 0 1]"
16,0.9546966718680808,"[1 1 1 1 1 1 1 0 1 1 0 1 0 0 0 0 1 1 0 1 1 1 1 0 0 0 1 0 0 1 1 0 1 1 0 1 1
 0 0 1]"
16,0.9546966718680808,"[1 1 1 1 1 1 1 0 1 1 0 1 0 0 0 0 1 1 0 1 1 1 1 0 0 0 1 0 0 1 1 0 1 1 0 1 1
 0 0 1]"
16,0.9546966718680808,"[1 1 1 1 1 1 1 0 1 1 0 1 0 0 0 0 1 1 0 1 1 1 1 0 0 0 1 0 0 1 1 0 1 1 0 1 1
 0 0 1]"
16,0.9546966718680808,"[1 1 1 1 1 1 1 0 1 1 0 1 0 0 0 0 1 1 0 1 1 1 1 0 0 0 1 0 0 1 1 0 1 1 0 1 1
 0 0 1]"
16,0.9546966718680808,"[1 1 1 1 1 1 1 0 1 1 0 1 0 0 0 0 1 1 0 1 1 1 1 0 0 0 1 0 0 1 1 0 1 1 0 1 1
 0 0 1]"
16,0.9546966718680808,"[1 1 1 1 1 1 1 0 1 1 0 1 0 0 0 0 1 1 0 1 1 1 1 0 0 0 1 0 0 1 1 0 1 1 0 1 1
 0 0 1]"
16,0.9546966718680808,"[1 1 1 1 1 1 1 0 1 1 0 1 0 0 0 0 1 1 0 1 1 1 1 0 0 0 1 0 0 1 1 0 1 1 0 1 1
 0 0 1]"
16,0.9546966718680808,"[1 1 1 1 1 1 1 0 1 1 0 1 0 0 0 0 1 1 0 1 1 1 1 0 0 0 1 0 0 1 1 0 1 1 0 1 1
 0 0 1]"
16,0.9546966718680808,"[1 1 1 1 1 1 1 0 1 1 0 1 0 0 0 0 1 1 0 1 1 1 1 0 0 0 1 0 0 1 1 0 1 1 0 1 1
 0 0 1]"
16,0.9546966718680808,"[1 1 1 1 1 1 1 0 1 1 0 1 0 0 0 0 1 1 0 1 1 1 1 0 0 0 1 0 0 1 1 0 1 1 0 1 1
 0 0 1]"
16,0.9546966718680808,"[1 1 1 1 1 1 1 0 1 1 0 1 0 0 0 0 1 1 0 1 1 1 1 0 0 0 1 0 0 1 1 0 1 1 0 1 1
 0 0 1]"
16,0.9546966718680808,"[1 1 1 1 1 1 1 0 1 1 0 1 0 0 0 0 1 1 0 1 1 1 1 0 0 0 1 0 0 1 1 0 1 1 0 1 1
 0 0 1]"
16,0.9546966718680808,"[1 1 1 1 1 1 1 0 1 1 0 1 0 0 0 0 1 1 0 1 1 1 1 0 0 0 1 0 0 1 1 0 1 1 0 1 1
 0 0 1]"
16,0.9546966718680808,"[1 1 1 1 1 1 1 0 1 1 0 1 0 0 0 0 1 1 0 1 1 1 1 0 0 0 1 0 0 1 1 0 1 1 0 1 1
 0 0 1]"
16,0.9546966718680808,"[1 1 1 1 1 1 1 0 1 1 0 1 0 0 0 0 1 1 0 1 1 1 1 0 0 0 1 0 0 1 1 0 1 1 0 1 1
 0 0 1]"
16,0.9546966718680808,"[1 1 1 1 1 1 1 0 1 1 0 1 0 0 0 0 1 1 0 1 1 1 1 0 0 0 1 0 0 1 1 0 1 1 0 1 1
 0 0 1]"
16,0.9546966718680808,"[1 1 1 1 1 1 1 0 1 1 0 1 0 0 0 0 1 1 0 1 1 1 1 0 0 0 1 0 0 1 1 0 1 1 0 1 1
 0 0 1]"
16,0.9546966718680808,"[1 1 1 1 1 1 1 0 1 1 0 1 0 0 0 0 1 1 0 1 1 1 1 0 0 0 1 0 0 1 1 0 1 1 0 1 1
 0 0 1]"
16,0.9546966718680808,"[1 1 1 1 1 1 1 0 1 1 0 1 0 0 0 0 1 1 0 1 1 1 1 0 0 0 1 0 0 1 1 0 1 1 0 1 1
 0 0 1]"
16,0.9546966718680808,"[1 1 1 1 1 1 1 0 1 1 0 1 0 0 0 0 1 1 0 1 1 1 1 0 0 0 1 0 0 1 1 0 1 1 0 1 1
 0 0 1]"
16,0.9546966718680808,"[1 1 1 1 1 1 1 0 1 1 0 1 0 0 0 0 1 1 0 1 1 1 1 0 0 0 1 0 0 1 1 0 1 1 0 1 1
 0 0 1]"
16,0.9546966718680808,"[1 1 1 1 1 1 1 0 1 1 0 1 0 0 0 0 1 1 0 1 1 1 1 0 0 0 1 0 0 1 1 0 1 1 0 1 1
 0 0 1]"
16,0.9546966718680808,"[1 1 1 1 1 1 1 0 1 1 0 1 0 0 0 0 1 1 0 1 1 1 1 0 0 0 1 0 0 1 1 0 1 1 0 1 1
 0 0 1]"
16,0.9546966718680808,"[1 1 1 1 1 1 1 0 1 1 0 1 0 0 0 0 1 1 0 1 1 1 1 0 0 0 1 0 0 1 1 0 1 1 0 1 1
 0 0 1]"
16,0.9546966718680808,"[1 1 1 1 1 1 1 0 1 1 0 1 0 0 0 0 1 1 0 1 1 1 1 0 0 0 1 0 0 1 1 0 1 1 0 1 1
 0 0 1]"
16,0.9546966718680808,"[1 1 1 1 1 1 1 0 1 1 0 1 0 0 0 0 1 1 0 1 1 1 1 0 0 0 1 0 0 1 1 0 1 1 0 1 1
 0 0 1]"
16,0.9546966718680808,"[1 1 1 1 1 1 1 0 1 1 0 1 0 0 0 0 1 1 0 1 1 1 1 0 0 0 1 0 0 1 1 0 1 1 0 1 1
 0 0 1]"
16,0.9546966718680808,"[1 1 1 1 1 1 1 0 1 1 0 1 0 0 0 0 1 1 0 1 1 1 1 0 0 0 1 0 0 1 1 0 1 1 0 1 1
 0 0 1]"
16,0.9546966718680808,"[1 1 1 1 1 1 1 0 1 1 0 1 0 0 0 0 1 1 0 1 1 1 1 0 0 0 1 0 0 1 1 0 1 1 0 1 1
 0 0 1]"
16,0.9546966718680808,"[1 1 1 1 1 1 1 0 1 1 0 1 0 0 0 0 1 1 0 1 1 1 1 0 0 0 1 0 0 1 1 0 1 1 0 1 1
 0 0 1]"
16,0.9546966718680808,"[1 1 1 1 1 1 1 0 1 1 0 1 0 0 0 0 1 1 0 1 1 1 1 0 0 0 1 0 0 1 1 0 1 1 0 1 1
 0 0 1]"
16,0.9546966718680808,"[1 1 1 1 1 1 1 0 1 1 0 1 0 0 0 0 1 1 0 1 1 1 1 0 0 0 1 0 0 1 1 0 1 1 0 1 1
 0 0 1]"
16,0.9546966718680808,"[1 1 1 1 1 1 1 0 1 1 0 1 0 0 0 0 1 1 0 1 1 1 1 0 0 0 1 0 0 1 1 0 1 1 0 1 1
 0 0 1]"
16,0.9546966718680808,"[1 1 1 1 1 1 1 0 1 1 0 1 0 0 0 0 1 1 0 1 1 1 1 0 0 0 1 0 0 1 1 0 1 1 0 1 1
 0 0 1]"
16,0.9546966718680808,"[1 1 1 1 1 1 1 0 1 1 0 1 0 0 0 0 1 1 0 1 1 1 1 0 0 0 1 0 0 1 1 0 1 1 0 1 1
 0 0 1]"
16,0.9546966718680808,"[1 1 1 1 1 1 1 0 1 1 0 1 0 0 0 0 1 1 0 1 1 1 1 0 0 0 1 0 0 1 1 0 1 1 0 1 1
 0 0 1]"
16,0.9546966718680808,"[1 1 1 1 1 1 1 0 1 1 0 1 0 0 0 0 1 1 0 1 1 1 1 0 0 0 1 0 0 1 1 0 1 1 0 1 1
 0 0 1]"
16,0.9546966718680808,"[1 1 1 1 1 1 1 0 1 1 0 1 0 0 0 0 1 1 0 1 1 1 1 0 0 0 1 0 0 1 1 0 1 1 0 1 1
 0 0 1]"
16,0.9546966718680808,"[1 1 1 1 1 1 1 0 1 1 0 1 0 0 0 0 1 1 0 1 1 1 1 0 0 0 1 0 0 1 1 0 1 1 0 1 1
 0 0 1]"
16,0.9546966718680808,"[1 1 1 1 1 1 1 0 1 1 0 1 0 0 0 0 1 1 0 1 1 1 1 0 0 0 1 0 0 1 1 0 1 1 0 1 1
 0 0 1]"
16,0.9546966718680808,"[1 1 1 1 1 1 1 0 1 1 0 1 0 0 0 0 1 1 0 1 1 1 1 0 0 0 1 0 0 1 1 0 1 1 0 1 1
 0 0 1]"
step,fitness,genome
17,0.9546966718680808,"[1 1 1 1 1 1 1 0 1 1 0 1 0 0 0 0 1 1 0 1 1 1 1 0 0 0 1 0 0 1 1 0 1 1 0 1 1
 0 0 1]"
17,0.9546966718680808,"[1 1 1 1 1 1 1 0 1 1 0 1 0 0 0 0 1 1 0 1 1 1 1 0 0 0 1 0 0 1 1 0 1 1 0 1 1
 0 0 1]"
17,0.9546966718680808,"[1 1 1 1 1 1 1 0 1 1 0 1 0 0 0 0 1 1 0 1 1 1 1 0 0 0 1 0 0 1 1 0 1 1 0 1 1
 0 0 1]"
17,0.9546966718680808,"[1 1 1 1 1 1 1 0 1 1 0 1 0 0 0 0 1 1 0 1 1 1 1 0 0 0 1 0 0 1 1 0 1 1 0 1 1
 0 0 1]"
17,0.9546966718680808,"[1 1 1 1 1 1 1 0 1 1 0 1 0 0 0 0 1 1 0 1 1 1 1 0 0 0 1 0 0 1 1 0 1 1 0 1 1
 0 0 1]"
17,0.9546966718680808,"[1 1 1 1 1 1 1 0 1 1 0 1 0 0 0 0 1 1 0 1 1 1 1 0 0 0 1 0 0 1 1 0 1 1 0 1 1
 0 0 1]"
17,0.9546966718680808,"[1 1 1 1 1 1 1 0 1 1 0 1 0 0 0 0 1 1 0 1 1 1 1 0 0 0 1 0 0 1 1 0 1 1 0 1 1
 0 0 1]"
17,0.9546966718680808,"[1 1 1 1 1 1 1 0 1 1 0 1 0 0 0 0 1 1 0 1 1 1 1 0 0 0 1 0 0 1 1 0 1 1 0 1 1
 0 0 1]"
17,0.9546966718680808,"[1 1 1 1 1 1 1 0 1 1 0 1 0 0 0 0 1 1 0 1 1 1 1 0 0 0 1 0 0 1 1 0 1 1 0 1 1
 0 0 1]"
17,0.9546966718680808,"[1 1 1 1 1 1 1 0 1 1 0 1 0 0 0 0 1 1 0 1 1 1 1 0 0 0 1 0 0 1 1 0 1 1 0 1 1
 0 0 1]"
17,0.9546966718680808,"[1 1 1 1 1 1 1 0 1 1 0 1 0 0 0 0 1 1 0 1 1 1 1 0 0 0 1 0 0 1 1 0 1 1 0 1 1
 0 0 1]"
17,0.9546966718680808,"[1 1 1 1 1 1 1 0 1 1 0 1 0 0 0 0 1 1 0 1 1 1 1 0 0 0 1 0 0 1 1 0 1 1 0 1 1
 0 0 1]"
17,0.9546966718680808,"[1 1 1 1 1 1 1 0 1 1 0 1 0 0 0 0 1 1 0 1 1 1 1 0 0 0 1 0 0 1 1 0 1 1 0 1 1
 0 0 1]"
17,0.9546966718680808,"[1 1 1 1 1 1 1 0 1 1 0 1 0 0 0 0 1 1 0 1 1 1 1 0 0 0 1 0 0 1 1 0 1 1 0 1 1
 0 0 1]"
17,0.9546966718680808,"[1 1 1 1 1 1 1 0 1 1 0 1 0 0 0 0 1 1 0 1 1 1 1 0 0 0 1 0 0 1 1 0 1 1 0 1 1
 0 0 1]"
17,0.9546966718680808,"[1 1 1 1 1 1 1 0 1 1 0 1 0 0 0 0 1 1 0 1 1 1 1 0 0 0 1 0 0 1 1 0 1 1 0 1 1
 0 0 1]"
17,0.9546966718680808,"[1 1 1 1 1 1 1 0 1 1 0 1 0 0 0 0 1 1 0 1 1 1 1 0 0 0 1 0 0 1 1 0 1 1 0 1 1
 0 0 1]"
17,0.9546966718680808,"[1 1 1 1 1 1 1 0 1 1 0 1 0 0 0 0 1 1 0 1 1 1 1 0 0 0 1 0 0 1 1 0 1 1 0 1 1
 0 0 1]"
17,0.9546966718680808,"[1 1 1 1 1 1 1 0 1 1 0 1 0 0 0 0 1 1 0 1 1 1 1 0 0 0 1 0 0 1 1 0 1 1 0 1 1
 0 0 1]"
17,0.9546966718680808,"[1 1 1 1 1 1 1 0 1 1 0 1 0 0 0 0 1 1 0 1 1 1 1 0 0 0 1 0 0 1 1 0 1 1 0 1 1
 0 0 1]"
17,0.9546966718680808,"[1 1 1 1 1 1 1 0 1 1 0 1 0 0 0 0 1 1 0 1 1 1 1 0 0 0 1 0 0 1 1 0 1 1 0 1 1
 0 0 1]"
17,0.9546966718680808,"[1 1 1 1 1 1 1 0 1 1 0 1 0 0 0 0 1 1 0 1 1 1 1 0 0 0 1 0 0 1 1 0 1 1 0 1 1
 0 0 1]"
17,0.9546966718680808,"[1 1 1 1 1 1 1 0 1 1 0 1 0 0 0 0 1 1 0 1 1 1 1 0 0 0 1 0 0 1 1 0 1 1 0 1 1
 0 0 1]"
17,0.9546966718680808,"[1 1 1 1 1 1 1 0 1 1 0 1 0 0 0 0 1 1 0 1 1 1 1 0 0 0 1 0 0 1 1 0 1 1 0 1 1
 0 0 1]"
17,0.9546966718680808,"[1 1 1 1 1 1 1 0 1 1 0 1 0 0 0 0 1 1 0 1 1 1 1 0 0 0 1 0 0 1 1 0 1 1 0 1 1
 0 0 1]"
17,0.9546966718680808,"[1 1 1 1 1 1 1 0 1 1 0 1 0 0 0 0 1 1 0 1 1 1 1 0 0 0 1 0 0 1 1 0 1 1 0 1 1
 0 0 1]"
17,0.9546966718680808,"[1 1 1 1 1 1 1 0 1 1 0 1 0 0 0 0 1 1 0 1 1 1 1 0 0 0 1 0 0 1 1 0 1 1 0 1 1
 0 0 1]"
17,0.9546966718680808,"[1 1 1 1 1 1 1 0 1 1 0 1 0 0 0 0 1 1 0 1 1 1 1 0 0 0 1 0 0 1 1 0 1 1 0 1 1
 0 0 1]"
17,0.9546966718680808,"[1 1 1 1 1 1 1 0 1 1 0 1 0 0 0 0 1 1 0 1 1 1 1 0 0 0 1 0 0 1 1 0 1 1 0 1 1
 0 0 1]"
17,0.9546966718680808,"[1 1 1 1 1 1 1 0 1 1 0 1 0 0 0 0 1 1 0 1 1 1 1 0 0 0 1 0 0 1 1 0 1 1 0 1 1
 0 0 1]"
17,0.9546966718680808,"[1 1 1 1 1 1 1 0 1 1 0 1 0 0 0 0 1 1 0 1 1 1 1 0 0 0 1 0 0 1 1 0 1 1 0 1 1
 0 0 1]"
17,0.9546966718680808,"[1 1 1 1 1 1 1 0 1 1 0 1 0 0 0 0 1 1 0 1 1 1 1 0 0 0 1 0 0 1 1 0 1 1 0 1 1
 0 0 1]"
17,0.9546966718680808,"[1 1 1 1 1 1 1 0 1 1 0 1 0 0 0 0 1 1 0 1 1 1 1 0 0 0 1 0 0 1 1 0 1 1 0 1 1
 0 0 1]"
17,0.9546966718680808,"[1 1 1 1 1 1 1 0 1 1 0 1 0 0 0 0 1 1 0 1 1 1 1 0 0 0 1 0 0 1 1 0 1 1 0 1 1
 0 0 1]"
17,0.9546966718680808,"[1 1 1 1 1 1 1 0 1 1 0 1 0 0 0 0 1 1 0 1 1 1 1 0 0 0 1 0 0 1 1 0 1 1 0 1 1
 0 0 1]"
17,0.9546966718680808,"[1 1 1 1 1 1 1 0 1 1 0 1 0 0 0 0 1 1 0 1 1 1 1 0 0 0 1 0 0 1 1 0 1 1 0 1 1
 0 0 1]"
17,0.9546966718680808,"[1 1 1 1 1 1 1 0 1 1 0 1 0 0 0 0 1 1 0 1 1 1 1 0 0 0 1 0 0 1 1 0 1 1 0 1 1
 0 0 1]"
17,0.9546966718680808,"[1 1 1 1 1 1 1 0 1 1 0 1 0 0 0 0 1 1 0 1 1 1 1 0 0 0 1 0 0 1 1 0 1 1 0 1 1
 0 0 1]"
17,0.9546966718680808,"[1 1 1 1 1 1 1 0 1 1 0 1 0 0 0 0 1 1 0 1 1 1 1 0 0 0 1 0 0 1 1 0 1 1 0 1 1
 0 0 1]"
17,0.9546966718680808,"[1 1 1 1 1 1 1 0 1 1 0 1 0 0 0 0 1 1 0 1 1 1 1 0 0 0 1 0 0 1 1 0 1 1 0 1 1
 0 0 1]"
17,0.9546966718680808,"[1 1 1 1 1 1 1 0 1 1 0 1 0 0 0 0 1 1 0 1 1 1 1 0 0 0 1 0 0 1 1 0 1 1 0 1 1
 0 0 1]"
17,0.9546966718680808,"[1 1 1 1 1 1 1 0 1 1 0 1 0 0 0 0 1 1 0 1 1 1 1 0 0 0 1 0 0 1 1 0 1 1 0 1 1
 0 0 1]"
17,0.9546966718680808,"[1 1 1 1 1 1 1 0 1 1 0 1 0 0 0 0 1 1 0 1 1 1 1 0 0 0 1 0 0 1 1 0 1 1 0 1 1
 0 0 1]"
17,0.9546966718680808,"[1 1 1 1 1 1 1 0 1 1 0 1 0 0 0 0 1 1 0 1 1 1 1 0 0 0 1 0 0 1 1 0 1 1 0 1 1
 0 0 1]"
17,0.9546966718680808,"[1 1 1 1 1 1 1 0 1 1 0 1 0 0 0 0 1 1 0 1 1 1 1 0 0 0 1 0 0 1 1 0 1 1 0 1 1
 0 0 1]"
17,0.9546966718680808,"[1 1 1 1 1 1 1 0 1 1 0 1 0 0 0 0 1 1 0 1 1 1 1 0 0 0 1 0 0 1 1 0 1 1 0 1 1
 0 0 1]"
17,0.9546966718680808,"[1 1 1 1 1 1 1 0 1 1 0 1 0 0 0 0 1 1 0 1 1 1 1 0 0 0 1 0 0 1 1 0 1 1 0 1 1
 0 0 1]"
17,0.9546966718680808,"[1 1 1 1 1 1 1 0 1 1 0 1 0 0 0 0 1 1 0 1 1 1 1 0 0 0 1 0 0 1 1 0 1 1 0 1 1
 0 0 1]"
17,0.9546966718680808,"[1 1 1 1 1 1 1 0 1 1 0 1 0 0 0 0 1 1 0 1 1 1 1 0 0 0 1 0 0 1 1 0 1 1 0 1 1
 0 0 1]"
17,0.9546966718680808,"[1 1 1 1 1 1 1 0 1 1 0 1 0 0 0 0 1 1 0 1 1 1 1 0 0 0 1 0 0 1 1 0 1 1 0 1 1
 0 0 1]"
17,0.9546966718680808,"[1 1 1 1 1 1 1 0 1 1 0 1 0 0 0 0 1 1 0 1 1 1 1 0 0 0 1 0 0 1 1 0 1 1 0 1 1
 0 0 1]"
17,0.9546966718680808,"[1 1 1 1 1 1 1 0 1 1 0 1 0 0 0 0 1 1 0 1 1 1 1 0 0 0 1 0 0 1 1 0 1 1 0 1 1
 0 0 1]"
17,0.9546966718680808,"[1 1 1 1 1 1 1 0 1 1 0 1 0 0 0 0 1 1 0 1 1 1 1 0 0 0 1 0 0 1 1 0 1 1 0 1 1
 0 0 1]"
17,0.9546966718680808,"[1 1 1 1 1 1 1 0 1 1 0 1 0 0 0 0 1 1 0 1 1 1 1 0 0 0 1 0 0 1 1 0 1 1 0 1 1
 0 0 1]"
17,0.9546966718680808,"[1 1 1 1 1 1 1 0 1 1 0 1 0 0 0 0 1 1 0 1 1 1 1 0 0 0 1 0 0 1 1 0 1 1 0 1 1
 0 0 1]"
17,0.9546966718680808,"[1 1 1 1 1 1 1 0 1 1 0 1 0 0 0 0 1 1 0 1 1 1 1 0 0 0 1 0 0 1 1 0 1 1 0 1 1
 0 0 1]"
17,0.9546966718680808,"[1 1 1 1 1 1 1 0 1 1 0 1 0 0 0 0 1 1 0 1 1 1 1 0 0 0 1 0 0 1 1 0 1 1 0 1 1
 0 0 1]"
17,0.9546966718680808,"[1 1 1 1 1 1 1 0 1 1 0 1 0 0 0 0 1 1 0 1 1 1 1 0 0 0 1 0 0 1 1 0 1 1 0 1 1
 0 0 1]"
17,0.9546966718680808,"[1 1 1 1 1 1 1 0 1 1 0 1 0 0 0 0 1 1 0 1 1 1 1 0 0 0 1 0 0 1 1 0 1 1 0 1 1
 0 0 1]"
17,0.9546966718680808,"[1 1 1 1 1 1 1 0 1 1 0 1 0 0 0 0 1 1 0 1 1 1 1 0 0 0 1 0 0 1 1 0 1 1 0 1 1
 0 0 1]"
17,0.9546966718680808,"[1 1 1 1 1 1 1 0 1 1 0 1 0 0 0 0 1 1 0 1 1 1 1 0 0 0 1 0 0 1 1 0 1 1 0 1 1
 0 0 1]"
17,0.9546966718680808,"[1 1 1 1 1 1 1 0 1 1 0 1 0 0 0 0 1 1 0 1 1 1 1 0 0 0 1 0 0 1 1 0 1 1 0 1 1
 0 0 1]"
17,0.9546966718680808,"[1 1 1 1 1 1 1 0 1 1 0 1 0 0 0 0 1 1 0 1 1 1 1 0 0 0 1 0 0 1 1 0 1 1 0 1 1
 0 0 1]"
17,0.9546966718680808,"[1 1 1 1 1 1 1 0 1 1 0 1 0 0 0 0 1 1 0 1 1 1 1 0 0 0 1 0 0 1 1 0 1 1 0 1 1
 0 0 1]"
17,0.9546966718680808,"[1 1 1 1 1 1 1 0 1 1 0 1 0 0 0 0 1 1 0 1 1 1 1 0 0 0 1 0 0 1 1 0 1 1 0 1 1
 0 0 1]"
17,0.9546966718680808,"[1 1 1 1 1 1 1 0 1 1 0 1 0 0 0 0 1 1 0 1 1 1 1 0 0 0 1 0 0 1 1 0 1 1 0 1 1
 0 0 1]"
17,0.9546966718680808,"[1 1 1 1 1 1 1 0 1 1 0 1 0 0 0 0 1 1 0 1 1 1 1 0 0 0 1 0 0 1 1 0 1 1 0 1 1
 0 0 1]"
17,0.9546966718680808,"[1 1 1 1 1 1 1 0 1 1 0 1 0 0 0 0 1 1 0 1 1 1 1 0 0 0 1 0 0 1 1 0 1 1 0 1 1
 0 0 1]"
17,0.9546966718680808,"[1 1 1 1 1 1 1 0 1 1 0 1 0 0 0 0 1 1 0 1 1 1 1 0 0 0 1 0 0 1 1 0 1 1 0 1 1
 0 0 1]"
17,0.9546966718680808,"[1 1 1 1 1 1 1 0 1 1 0 1 0 0 0 0 1 1 0 1 1 1 1 0 0 0 1 0 0 1 1 0 1 1 0 1 1
 0 0 1]"
17,0.9546966718680808,"[1 1 1 1 1 1 1 0 1 1 0 1 0 0 0 0 1 1 0 1 1 1 1 0 0 0 1 0 0 1 1 0 1 1 0 1 1
 0 0 1]"
17,0.9546966718680808,"[1 1 1 1 1 1 1 0 1 1 0 1 0 0 0 0 1 1 0 1 1 1 1 0 0 0 1 0 0 1 1 0 1 1 0 1 1
 0 0 1]"
17,0.9546966718680808,"[1 1 1 1 1 1 1 0 1 1 0 1 0 0 0 0 1 1 0 1 1 1 1 0 0 0 1 0 0 1 1 0 1 1 0 1 1
 0 0 1]"
17,0.9546966718680808,"[1 1 1 1 1 1 1 0 1 1 0 1 0 0 0 0 1 1 0 1 1 1 1 0 0 0 1 0 0 1 1 0 1 1 0 1 1
 0 0 1]"
17,0.9546966718680808,"[1 1 1 1 1 1 1 0 1 1 0 1 0 0 0 0 1 1 0 1 1 1 1 0 0 0 1 0 0 1 1 0 1 1 0 1 1
 0 0 1]"
step,fitness,genome
18,0.9546966718680808,"[1 1 1 1 1 1 1 0 1 1 0 1 0 0 0 0 1 1 0 1 1 1 1 0 0 0 1 0 0 1 1 0 1 1 0 1 1
 0 0 1]"
18,0.9546966718680808,"[1 1 1 1 1 1 1 0 1 1 0 1 0 0 0 0 1 1 0 1 1 1 1 0 0 0 1 0 0 1 1 0 1 1 0 1 1
 0 0 1]"
18,0.9546966718680808,"[1 1 1 1 1 1 1 0 1 1 0 1 0 0 0 0 1 1 0 1 1 1 1 0 0 0 1 0 0 1 1 0 1 1 0 1 1
 0 0 1]"
18,0.9546966718680808,"[1 1 1 1 1 1 1 0 1 1 0 1 0 0 0 0 1 1 0 1 1 1 1 0 0 0 1 0 0 1 1 0 1 1 0 1 1
 0 0 1]"
18,0.9546966718680808,"[1 1 1 1 1 1 1 0 1 1 0 1 0 0 0 0 1 1 0 1 1 1 1 0 0 0 1 0 0 1 1 0 1 1 0 1 1
 0 0 1]"
18,0.9546966718680808,"[1 1 1 1 1 1 1 0 1 1 0 1 0 0 0 0 1 1 0 1 1 1 1 0 0 0 1 0 0 1 1 0 1 1 0 1 1
 0 0 1]"
18,0.9546966718680808,"[1 1 1 1 1 1 1 0 1 1 0 1 0 0 0 0 1 1 0 1 1 1 1 0 0 0 1 0 0 1 1 0 1 1 0 1 1
 0 0 1]"
18,0.9546966718680808,"[1 1 1 1 1 1 1 0 1 1 0 1 0 0 0 0 1 1 0 1 1 1 1 0 0 0 1 0 0 1 1 0 1 1 0 1 1
 0 0 1]"
18,0.9546966718680808,"[1 1 1 1 1 1 1 0 1 1 0 1 0 0 0 0 1 1 0 1 1 1 1 0 0 0 1 0 0 1 1 0 1 1 0 1 1
 0 0 1]"
18,0.9546966718680808,"[1 1 1 1 1 1 1 0 1 1 0 1 0 0 0 0 1 1 0 1 1 1 1 0 0 0 1 0 0 1 1 0 1 1 0 1 1
 0 0 1]"
18,0.9546966718680808,"[1 1 1 1 1 1 1 0 1 1 0 1 0 0 0 0 1 1 0 1 1 1 1 0 0 0 1 0 0 1 1 0 1 1 0 1 1
 0 0 1]"
18,0.9546966718680808,"[1 1 1 1 1 1 1 0 1 1 0 1 0 0 0 0 1 1 0 1 1 1 1 0 0 0 1 0 0 1 1 0 1 1 0 1 1
 0 0 1]"
18,0.9546966718680808,"[1 1 1 1 1 1 1 0 1 1 0 1 0 0 0 0 1 1 0 1 1 1 1 0 0 0 1 0 0 1 1 0 1 1 0 1 1
 0 0 1]"
18,0.9546966718680808,"[1 1 1 1 1 1 1 0 1 1 0 1 0 0 0 0 1 1 0 1 1 1 1 0 0 0 1 0 0 1 1 0 1 1 0 1 1
 0 0 1]"
18,0.9546966718680808,"[1 1 1 1 1 1 1 0 1 1 0 1 0 0 0 0 1 1 0 1 1 1 1 0 0 0 1 0 0 1 1 0 1 1 0 1 1
 0 0 1]"
18,0.9546966718680808,"[1 1 1 1 1 1 1 0 1 1 0 1 0 0 0 0 1 1 0 1 1 1 1 0 0 0 1 0 0 1 1 0 1 1 0 1 1
 0 0 1]"
18,0.9546966718680808,"[1 1 1 1 1 1 1 0 1 1 0 1 0 0 0 0 1 1 0 1 1 1 1 0 0 0 1 0 0 1 1 0 1 1 0 1 1
 0 0 1]"
18,0.9546966718680808,"[1 1 1 1 1 1 1 0 1 1 0 1 0 0 0 0 1 1 0 1 1 1 1 0 0 0 1 0 0 1 1 0 1 1 0 1 1
 0 0 1]"
18,0.9546966718680808,"[1 1 1 1 1 1 1 0 1 1 0 1 0 0 0 0 1 1 0 1 1 1 1 0 0 0 1 0 0 1 1 0 1 1 0 1 1
 0 0 1]"
18,0.9546966718680808,"[1 1 1 1 1 1 1 0 1 1 0 1 0 0 0 0 1 1 0 1 1 1 1 0 0 0 1 0 0 1 1 0 1 1 0 1 1
 0 0 1]"
18,0.9546966718680808,"[1 1 1 1 1 1 1 0 1 1 0 1 0 0 0 0 1 1 0 1 1 1 1 0 0 0 1 0 0 1 1 0 1 1 0 1 1
 0 0 1]"
18,0.9546966718680808,"[1 1 1 1 1 1 1 0 1 1 0 1 0 0 0 0 1 1 0 1 1 1 1 0 0 0 1 0 0 1 1 0 1 1 0 1 1
 0 0 1]"
18,0.9546966718680808,"[1 1 1 1 1 1 1 0 1 1 0 1 0 0 0 0 1 1 0 1 1 1 1 0 0 0 1 0 0 1 1 0 1 1 0 1 1
 0 0 1]"
18,0.9546966718680808,"[1 1 1 1 1 1 1 0 1 1 0 1 0 0 0 0 1 1 0 1 1 1 1 0 0 0 1 0 0 1 1 0 1 1 0 1 1
 0 0 1]"
18,0.9546966718680808,"[1 1 1 1 1 1 1 0 1 1 0 1 0 0 0 0 1 1 0 1 1 1 1 0 0 0 1 0 0 1 1 0 1 1 0 1 1
 0 0 1]"
18,0.9546966718680808,"[1 1 1 1 1 1 1 0 1 1 0 1 0 0 0 0 1 1 0 1 1 1 1 0 0 0 1 0 0 1 1 0 1 1 0 1 1
 0 0 1]"
18,0.9546966718680808,"[1 1 1 1 1 1 1 0 1 1 0 1 0 0 0 0 1 1 0 1 1 1 1 0 0 0 1 0 0 1 1 0 1 1 0 1 1
 0 0 1]"
18,0.9546966718680808,"[1 1 1 1 1 1 1 0 1 1 0 1 0 0 0 0 1 1 0 1 1 1 1 0 0 0 1 0 0 1 1 0 1 1 0 1 1
 0 0 1]"
18,0.9546966718680808,"[1 1 1 1 1 1 1 0 1 1 0 1 0 0 0 0 1 1 0 1 1 1 1 0 0 0 1 0 0 1 1 0 1 1 0 1 1
 0 0 1]"
18,0.9546966718680808,"[1 1 1 1 1 1 1 0 1 1 0 1 0 0 0 0 1 1 0 1 1 1 1 0 0 0 1 0 0 1 1 0 1 1 0 1 1
 0 0 1]"
18,0.9546966718680808,"[1 1 1 1 1 1 1 0 1 1 0 1 0 0 0 0 1 1 0 1 1 1 1 0 0 0 1 0 0 1 1 0 1 1 0 1 1
 0 0 1]"
18,0.9546966718680808,"[1 1 1 1 1 1 1 0 1 1 0 1 0 0 0 0 1 1 0 1 1 1 1 0 0 0 1 0 0 1 1 0 1 1 0 1 1
 0 0 1]"
18,0.9546966718680808,"[1 1 1 1 1 1 1 0 1 1 0 1 0 0 0 0 1 1 0 1 1 1 1 0 0 0 1 0 0 1 1 0 1 1 0 1 1
 0 0 1]"
18,0.9546966718680808,"[1 1 1 1 1 1 1 0 1 1 0 1 0 0 0 0 1 1 0 1 1 1 1 0 0 0 1 0 0 1 1 0 1 1 0 1 1
 0 0 1]"
18,0.9546966718680808,"[1 1 1 1 1 1 1 0 1 1 0 1 0 0 0 0 1 1 0 1 1 1 1 0 0 0 1 0 0 1 1 0 1 1 0 1 1
 0 0 1]"
18,0.9546966718680808,"[1 1 1 1 1 1 1 0 1 1 0 1 0 0 0 0 1 1 0 1 1 1 1 0 0 0 1 0 0 1 1 0 1 1 0 1 1
 0 0 1]"
18,0.9546966718680808,"[1 1 1 1 1 1 1 0 1 1 0 1 0 0 0 0 1 1 0 1 1 1 1 0 0 0 1 0 0 1 1 0 1 1 0 1 1
 0 0 1]"
18,0.9546966718680808,"[1 1 1 1 1 1 1 0 1 1 0 1 0 0 0 0 1 1 0 1 1 1 1 0 0 0 1 0 0 1 1 0 1 1 0 1 1
 0 0 1]"
18,0.9546966718680808,"[1 1 1 1 1 1 1 0 1 1 0 1 0 0 0 0 1 1 0 1 1 1 1 0 0 0 1 0 0 1 1 0 1 1 0 1 1
 0 0 1]"
18,0.9546966718680808,"[1 1 1 1 1 1 1 0 1 1 0 1 0 0 0 0 1 1 0 1 1 1 1 0 0 0 1 0 0 1 1 0 1 1 0 1 1
 0 0 1]"
18,0.9546966718680808,"[1 1 1 1 1 1 1 0 1 1 0 1 0 0 0 0 1 1 0 1 1 1 1 0 0 0 1 0 0 1 1 0 1 1 0 1 1
 0 0 1]"
18,0.9546966718680808,"[1 1 1 1 1 1 1 0 1 1 0 1 0 0 0 0 1 1 0 1 1 1 1 0 0 0 1 0 0 1 1 0 1 1 0 1 1
 0 0 1]"
18,0.9546966718680808,"[1 1 1 1 1 1 1 0 1 1 0 1 0 0 0 0 1 1 0 1 1 1 1 0 0 0 1 0 0 1 1 0 1 1 0 1 1
 0 0 1]"
18,0.9546966718680808,"[1 1 1 1 1 1 1 0 1 1 0 1 0 0 0 0 1 1 0 1 1 1 1 0 0 0 1 0 0 1 1 0 1 1 0 1 1
 0 0 1]"
18,0.9546966718680808,"[1 1 1 1 1 1 1 0 1 1 0 1 0 0 0 0 1 1 0 1 1 1 1 0 0 0 1 0 0 1 1 0 1 1 0 1 1
 0 0 1]"
18,0.9546966718680808,"[1 1 1 1 1 1 1 0 1 1 0 1 0 0 0 0 1 1 0 1 1 1 1 0 0 0 1 0 0 1 1 0 1 1 0 1 1
 0 0 1]"
18,0.9546966718680808,"[1 1 1 1 1 1 1 0 1 1 0 1 0 0 0 0 1 1 0 1 1 1 1 0 0 0 1 0 0 1 1 0 1 1 0 1 1
 0 0 1]"
18,0.9546966718680808,"[1 1 1 1 1 1 1 0 1 1 0 1 0 0 0 0 1 1 0 1 1 1 1 0 0 0 1 0 0 1 1 0 1 1 0 1 1
 0 0 1]"
18,0.9546966718680808,"[1 1 1 1 1 1 1 0 1 1 0 1 0 0 0 0 1 1 0 1 1 1 1 0 0 0 1 0 0 1 1 0 1 1 0 1 1
 0 0 1]"
18,0.9546966718680808,"[1 1 1 1 1 1 1 0 1 1 0 1 0 0 0 0 1 1 0 1 1 1 1 0 0 0 1 0 0 1 1 0 1 1 0 1 1
 0 0 1]"
18,0.9546966718680808,"[1 1 1 1 1 1 1 0 1 1 0 1 0 0 0 0 1 1 0 1 1 1 1 0 0 0 1 0 0 1 1 0 1 1 0 1 1
 0 0 1]"
18,0.9546966718680808,"[1 1 1 1 1 1 1 0 1 1 0 1 0 0 0 0 1 1 0 1 1 1 1 0 0 0 1 0 0 1 1 0 1 1 0 1 1
 0 0 1]"
18,0.9546966718680808,"[1 1 1 1 1 1 1 0 1 1 0 1 0 0 0 0 1 1 0 1 1 1 1 0 0 0 1 0 0 1 1 0 1 1 0 1 1
 0 0 1]"
18,0.9546966718680808,"[1 1 1 1 1 1 1 0 1 1 0 1 0 0 0 0 1 1 0 1 1 1 1 0 0 0 1 0 0 1 1 0 1 1 0 1 1
 0 0 1]"
18,0.9546966718680808,"[1 1 1 1 1 1 1 0 1 1 0 1 0 0 0 0 1 1 0 1 1 1 1 0 0 0 1 0 0 1 1 0 1 1 0 1 1
 0 0 1]"
18,0.9546966718680808,"[1 1 1 1 1 1 1 0 1 1 0 1 0 0 0 0 1 1 0 1 1 1 1 0 0 0 1 0 0 1 1 0 1 1 0 1 1
 0 0 1]"
18,0.9546966718680808,"[1 1 1 1 1 1 1 0 1 1 0 1 0 0 0 0 1 1 0 1 1 1 1 0 0 0 1 0 0 1 1 0 1 1 0 1 1
 0 0 1]"
18,0.9546966718680808,"[1 1 1 1 1 1 1 0 1 1 0 1 0 0 0 0 1 1 0 1 1 1 1 0 0 0 1 0 0 1 1 0 1 1 0 1 1
 0 0 1]"
18,0.9546966718680808,"[1 1 1 1 1 1 1 0 1 1 0 1 0 0 0 0 1 1 0 1 1 1 1 0 0 0 1 0 0 1 1 0 1 1 0 1 1
 0 0 1]"
18,0.9546966718680808,"[1 1 1 1 1 1 1 0 1 1 0 1 0 0 0 0 1 1 0 1 1 1 1 0 0 0 1 0 0 1 1 0 1 1 0 1 1
 0 0 1]"
18,0.9546966718680808,"[1 1 1 1 1 1 1 0 1 1 0 1 0 0 0 0 1 1 0 1 1 1 1 0 0 0 1 0 0 1 1 0 1 1 0 1 1
 0 0 1]"
18,0.9546966718680808,"[1 1 1 1 1 1 1 0 1 1 0 1 0 0 0 0 1 1 0 1 1 1 1 0 0 0 1 0 0 1 1 0 1 1 0 1 1
 0 0 1]"
18,0.9546966718680808,"[1 1 1 1 1 1 1 0 1 1 0 1 0 0 0 0 1 1 0 1 1 1 1 0 0 0 1 0 0 1 1 0 1 1 0 1 1
 0 0 1]"
18,0.9546966718680808,"[1 1 1 1 1 1 1 0 1 1 0 1 0 0 0 0 1 1 0 1 1 1 1 0 0 0 1 0 0 1 1 0 1 1 0 1 1
 0 0 1]"
18,0.9546966718680808,"[1 1 1 1 1 1 1 0 1 1 0 1 0 0 0 0 1 1 0 1 1 1 1 0 0 0 1 0 0 1 1 0 1 1 0 1 1
 0 0 1]"
18,0.9546966718680808,"[1 1 1 1 1 1 1 0 1 1 0 1 0 0 0 0 1 1 0 1 1 1 1 0 0 0 1 0 0 1 1 0 1 1 0 1 1
 0 0 1]"
18,0.9546966718680808,"[1 1 1 1 1 1 1 0 1 1 0 1 0 0 0 0 1 1 0 1 1 1 1 0 0 0 1 0 0 1 1 0 1 1 0 1 1
 0 0 1]"
18,0.9546966718680808,"[1 1 1 1 1 1 1 0 1 1 0 1 0 0 0 0 1 1 0 1 1 1 1 0 0 0 1 0 0 1 1 0 1 1 0 1 1
 0 0 1]"
18,0.9546966718680808,"[1 1 1 1 1 1 1 0 1 1 0 1 0 0 0 0 1 1 0 1 1 1 1 0 0 0 1 0 0 1 1 0 1 1 0 1 1
 0 0 1]"
18,0.9546966718680808,"[1 1 1 1 1 1 1 0 1 1 0 1 0 0 0 0 1 1 0 1 1 1 1 0 0 0 1 0 0 1 1 0 1 1 0 1 1
 0 0 1]"
18,0.9546966718680808,"[1 1 1 1 1 1 1 0 1 1 0 1 0 0 0 0 1 1 0 1 1 1 1 0 0 0 1 0 0 1 1 0 1 1 0 1 1
 0 0 1]"
18,0.9546966718680808,"[1 1 1 1 1 1 1 0 1 1 0 1 0 0 0 0 1 1 0 1 1 1 1 0 0 0 1 0 0 1 1 0 1 1 0 1 1
 0 0 1]"
18,0.9546966718680808,"[1 1 1 1 1 1 1 0 1 1 0 1 0 0 0 0 1 1 0 1 1 1 1 0 0 0 1 0 0 1 1 0 1 1 0 1 1
 0 0 1]"
18,0.9546966718680808,"[1 1 1 1 1 1 1 0 1 1 0 1 0 0 0 0 1 1 0 1 1 1 1 0 0 0 1 0 0 1 1 0 1 1 0 1 1
 0 0 1]"
18,0.9546966718680808,"[1 1 1 1 1 1 1 0 1 1 0 1 0 0 0 0 1 1 0 1 1 1 1 0 0 0 1 0 0 1 1 0 1 1 0 1 1
 0 0 1]"
step,fitness,genome
19,0.9546966718680808,"[1 1 1 1 1 1 1 0 1 1 0 1 0 0 0 0 1 1 0 1 1 1 1 0 0 0 1 0 0 1 1 0 1 1 0 1 1
 0 0 1]"
19,0.9546966718680808,"[1 1 1 1 1 1 1 0 1 1 0 1 0 0 0 0 1 1 0 1 1 1 1 0 0 0 1 0 0 1 1 0 1 1 0 1 1
 0 0 1]"
19,0.9546966718680808,"[1 1 1 1 1 1 1 0 1 1 0 1 0 0 0 0 1 1 0 1 1 1 1 0 0 0 1 0 0 1 1 0 1 1 0 1 1
 0 0 1]"
19,0.9546966718680808,"[1 1 1 1 1 1 1 0 1 1 0 1 0 0 0 0 1 1 0 1 1 1 1 0 0 0 1 0 0 1 1 0 1 1 0 1 1
 0 0 1]"
19,0.9546966718680808,"[1 1 1 1 1 1 1 0 1 1 0 1 0 0 0 0 1 1 0 1 1 1 1 0 0 0 1 0 0 1 1 0 1 1 0 1 1
 0 0 1]"
19,0.9546966718680808,"[1 1 1 1 1 1 1 0 1 1 0 1 0 0 0 0 1 1 0 1 1 1 1 0 0 0 1 0 0 1 1 0 1 1 0 1 1
 0 0 1]"
19,0.9546966718680808,"[1 1 1 1 1 1 1 0 1 1 0 1 0 0 0 0 1 1 0 1 1 1 1 0 0 0 1 0 0 1 1 0 1 1 0 1 1
 0 0 1]"
19,0.9546966718680808,"[1 1 1 1 1 1 1 0 1 1 0 1 0 0 0 0 1 1 0 1 1 1 1 0 0 0 1 0 0 1 1 0 1 1 0 1 1
 0 0 1]"
19,0.9546966718680808,"[1 1 1 1 1 1 1 0 1 1 0 1 0 0 0 0 1 1 0 1 1 1 1 0 0 0 1 0 0 1 1 0 1 1 0 1 1
 0 0 1]"
19,0.9546966718680808,"[1 1 1 1 1 1 1 0 1 1 0 1 0 0 0 0 1 1 0 1 1 1 1 0 0 0 1 0 0 1 1 0 1 1 0 1 1
 0 0 1]"
19,0.9546966718680808,"[1 1 1 1 1 1 1 0 1 1 0 1 0 0 0 0 1 1 0 1 1 1 1 0 0 0 1 0 0 1 1 0 1 1 0 1 1
 0 0 1]"
19,0.9546966718680808,"[1 1 1 1 1 1 1 0 1 1 0 1 0 0 0 0 1 1 0 1 1 1 1 0 0 0 1 0 0 1 1 0 1 1 0 1 1
 0 0 1]"
19,0.9546966718680808,"[1 1 1 1 1 1 1 0 1 1 0 1 0 0 0 0 1 1 0 1 1 1 1 0 0 0 1 0 0 1 1 0 1 1 0 1 1
 0 0 1]"
19,0.9546966718680808,"[1 1 1 1 1 1 1 0 1 1 0 1 0 0 0 0 1 1 0 1 1 1 1 0 0 0 1 0 0 1 1 0 1 1 0 1 1
 0 0 1]"
19,0.9546966718680808,"[1 1 1 1 1 1 1 0 1 1 0 1 0 0 0 0 1 1 0 1 1 1 1 0 0 0 1 0 0 1 1 0 1 1 0 1 1
 0 0 1]"
19,0.9546966718680808,"[1 1 1 1 1 1 1 0 1 1 0 1 0 0 0 0 1 1 0 1 1 1 1 0 0 0 1 0 0 1 1 0 1 1 0 1 1
 0 0 1]"
19,0.9546966718680808,"[1 1 1 1 1 1 1 0 1 1 0 1 0 0 0 0 1 1 0 1 1 1 1 0 0 0 1 0 0 1 1 0 1 1 0 1 1
 0 0 1]"
19,0.9546966718680808,"[1 1 1 1 1 1 1 0 1 1 0 1 0 0 0 0 1 1 0 1 1 1 1 0 0 0 1 0 0 1 1 0 1 1 0 1 1
 0 0 1]"
19,0.9546966718680808,"[1 1 1 1 1 1 1 0 1 1 0 1 0 0 0 0 1 1 0 1 1 1 1 0 0 0 1 0 0 1 1 0 1 1 0 1 1
 0 0 1]"
19,0.9546966718680808,"[1 1 1 1 1 1 1 0 1 1 0 1 0 0 0 0 1 1 0 1 1 1 1 0 0 0 1 0 0 1 1 0 1 1 0 1 1
 0 0 1]"
19,0.9546966718680808,"[1 1 1 1 1 1 1 0 1 1 0 1 0 0 0 0 1 1 0 1 1 1 1 0 0 0 1 0 0 1 1 0 1 1 0 1 1
 0 0 1]"
19,0.9546966718680808,"[1 1 1 1 1 1 1 0 1 1 0 1 0 0 0 0 1 1 0 1 1 1 1 0 0 0 1 0 0 1 1 0 1 1 0 1 1
 0 0 1]"
19,0.9546966718680808,"[1 1 1 1 1 1 1 0 1 1 0 1 0 0 0 0 1 1 0 1 1 1 1 0 0 0 1 0 0 1 1 0 1 1 0 1 1
 0 0 1]"
19,0.9546966718680808,"[1 1 1 1 1 1 1 0 1 1 0 1 0 0 0 0 1 1 0 1 1 1 1 0 0 0 1 0 0 1 1 0 1 1 0 1 1
 0 0 1]"
19,0.9546966718680808,"[1 1 1 1 1 1 1 0 1 1 0 1 0 0 0 0 1 1 0 1 1 1 1 0 0 0 1 0 0 1 1 0 1 1 0 1 1
 0 0 1]"
19,0.9546966718680808,"[1 1 1 1 1 1 1 0 1 1 0 1 0 0 0 0 1 1 0 1 1 1 1 0 0 0 1 0 0 1 1 0 1 1 0 1 1
 0 0 1]"
19,0.9546966718680808,"[1 1 1 1 1 1 1 0 1 1 0 1 0 0 0 0 1 1 0 1 1 1 1 0 0 0 1 0 0 1 1 0 1 1 0 1 1
 0 0 1]"
19,0.9546966718680808,"[1 1 1 1 1 1 1 0 1 1 0 1 0 0 0 0 1 1 0 1 1 1 1 0 0 0 1 0 0 1 1 0 1 1 0 1 1
 0 0 1]"
19,0.9546966718680808,"[1 1 1 1 1 1 1 0 1 1 0 1 0 0 0 0 1 1 0 1 1 1 1 0 0 0 1 0 0 1 1 0 1 1 0 1 1
 0 0 1]"
19,0.9546966718680808,"[1 1 1 1 1 1 1 0 1 1 0 1 0 0 0 0 1 1 0 1 1 1 1 0 0 0 1 0 0 1 1 0 1 1 0 1 1
 0 0 1]"
19,0.9546966718680808,"[1 1 1 1 1 1 1 0 1 1 0 1 0 0 0 0 1 1 0 1 1 1 1 0 0 0 1 0 0 1 1 0 1 1 0 1 1
 0 0 1]"
19,0.9546966718680808,"[1 1 1 1 1 1 1 0 1 1 0 1 0 0 0 0 1 1 0 1 1 1 1 0 0 0 1 0 0 1 1 0 1 1 0 1 1
 0 0 1]"
19,0.9546966718680808,"[1 1 1 1 1 1 1 0 1 1 0 1 0 0 0 0 1 1 0 1 1 1 1 0 0 0 1 0 0 1 1 0 1 1 0 1 1
 0 0 1]"
19,0.9546966718680808,"[1 1 1 1 1 1 1 0 1 1 0 1 0 0 0 0 1 1 0 1 1 1 1 0 0 0 1 0 0 1 1 0 1 1 0 1 1
 0 0 1]"
19,0.9546966718680808,"[1 1 1 1 1 1 1 0 1 1 0 1 0 0 0 0 1 1 0 1 1 1 1 0 0 0 1 0 0 1 1 0 1 1 0 1 1
 0 0 1]"
19,0.9546966718680808,"[1 1 1 1 1 1 1 0 1 1 0 1 0 0 0 0 1 1 0 1 1 1 1 0 0 0 1 0 0 1 1 0 1 1 0 1 1
 0 0 1]"
19,0.9546966718680808,"[1 1 1 1 1 1 1 0 1 1 0 1 0 0 0 0 1 1 0 1 1 1 1 0 0 0 1 0 0 1 1 0 1 1 0 1 1
 0 0 1]"
19,0.9546966718680808,"[1 1 1 1 1 1 1 0 1 1 0 1 0 0 0 0 1 1 0 1 1 1 1 0 0 0 1 0 0 1 1 0 1 1 0 1 1
 0 0 1]"
19,0.9546966718680808,"[1 1 1 1 1 1 1 0 1 1 0 1 0 0 0 0 1 1 0 1 1 1 1 0 0 0 1 0 0 1 1 0 1 1 0 1 1
 0 0 1]"
19,0.9546966718680808,"[1 1 1 1 1 1 1 0 1 1 0 1 0 0 0 0 1 1 0 1 1 1 1 0 0 0 1 0 0 1 1 0 1 1 0 1 1
 0 0 1]"
19,0.9546966718680808,"[1 1 1 1 1 1 1 0 1 1 0 1 0 0 0 0 1 1 0 1 1 1 1 0 0 0 1 0 0 1 1 0 1 1 0 1 1
 0 0 1]"
19,0.9546966718680808,"[1 1 1 1 1 1 1 0 1 1 0 1 0 0 0 0 1 1 0 1 1 1 1 0 0 0 1 0 0 1 1 0 1 1 0 1 1
 0 0 1]"
19,0.9546966718680808,"[1 1 1 1 1 1 1 0 1 1 0 1 0 0 0 0 1 1 0 1 1 1 1 0 0 0 1 0 0 1 1 0 1 1 0 1 1
 0 0 1]"
19,0.9546966718680808,"[1 1 1 1 1 1 1 0 1 1 0 1 0 0 0 0 1 1 0 1 1 1 1 0 0 0 1 0 0 1 1 0 1 1 0 1 1
 0 0 1]"
19,0.9546966718680808,"[1 1 1 1 1 1 1 0 1 1 0 1 0 0 0 0 1 1 0 1 1 1 1 0 0 0 1 0 0 1 1 0 1 1 0 1 1
 0 0 1]"
19,0.9546966718680808,"[1 1 1 1 1 1 1 0 1 1 0 1 0 0 0 0 1 1 0 1 1 1 1 0 0 0 1 0 0 1 1 0 1 1 0 1 1
 0 0 1]"
19,0.9546966718680808,"[1 1 1 1 1 1 1 0 1 1 0 1 0 0 0 0 1 1 0 1 1 1 1 0 0 0 1 0 0 1 1 0 1 1 0 1 1
 0 0 1]"
19,0.9546966718680808,"[1 1 1 1 1 1 1 0 1 1 0 1 0 0 0 0 1 1 0 1 1 1 1 0 0 0 1 0 0 1 1 0 1 1 0 1 1
 0 0 1]"
19,0.9546966718680808,"[1 1 1 1 1 1 1 0 1 1 0 1 0 0 0 0 1 1 0 1 1 1 1 0 0 0 1 0 0 1 1 0 1 1 0 1 1
 0 0 1]"
19,0.9546966718680808,"[1 1 1 1 1 1 1 0 1 1 0 1 0 0 0 0 1 1 0 1 1 1 1 0 0 0 1 0 0 1 1 0 1 1 0 1 1
 0 0 1]"
19,0.9546966718680808,"[1 1 1 1 1 1 1 0 1 1 0 1 0 0 0 0 1 1 0 1 1 1 1 0 0 0 1 0 0 1 1 0 1 1 0 1 1
 0 0 1]"
19,0.9546966718680808,"[1 1 1 1 1 1 1 0 1 1 0 1 0 0 0 0 1 1 0 1 1 1 1 0 0 0 1 0 0 1 1 0 1 1 0 1 1
 0 0 1]"
19,0.9546966718680808,"[1 1 1 1 1 1 1 0 1 1 0 1 0 0 0 0 1 1 0 1 1 1 1 0 0 0 1 0 0 1 1 0 1 1 0 1 1
 0 0 1]"
19,0.9546966718680808,"[1 1 1 1 1 1 1 0 1 1 0 1 0 0 0 0 1 1 0 1 1 1 1 0 0 0 1 0 0 1 1 0 1 1 0 1 1
 0 0 1]"
19,0.9546966718680808,"[1 1 1 1 1 1 1 0 1 1 0 1 0 0 0 0 1 1 0 1 1 1 1 0 0 0 1 0 0 1 1 0 1 1 0 1 1
 0 0 1]"
19,0.9546966718680808,"[1 1 1 1 1 1 1 0 1 1 0 1 0 0 0 0 1 1 0 1 1 1 1 0 0 0 1 0 0 1 1 0 1 1 0 1 1
 0 0 1]"
19,0.9546966718680808,"[1 1 1 1 1 1 1 0 1 1 0 1 0 0 0 0 1 1 0 1 1 1 1 0 0 0 1 0 0 1 1 0 1 1 0 1 1
 0 0 1]"
19,0.9546966718680808,"[1 1 1 1 1 1 1 0 1 1 0 1 0 0 0 0 1 1 0 1 1 1 1 0 0 0 1 0 0 1 1 0 1 1 0 1 1
 0 0 1]"
19,0.9546966718680808,"[1 1 1 1 1 1 1 0 1 1 0 1 0 0 0 0 1 1 0 1 1 1 1 0 0 0 1 0 0 1 1 0 1 1 0 1 1
 0 0 1]"
19,0.9546966718680808,"[1 1 1 1 1 1 1 0 1 1 0 1 0 0 0 0 1 1 0 1 1 1 1 0 0 0 1 0 0 1 1 0 1 1 0 1 1
 0 0 1]"
19,0.9546966718680808,"[1 1 1 1 1 1 1 0 1 1 0 1 0 0 0 0 1 1 0 1 1 1 1 0 0 0 1 0 0 1 1 0 1 1 0 1 1
 0 0 1]"
19,0.9546966718680808,"[1 1 1 1 1 1 1 0 1 1 0 1 0 0 0 0 1 1 0 1 1 1 1 0 0 0 1 0 0 1 1 0 1 1 0 1 1
 0 0 1]"
19,0.9546966718680808,"[1 1 1 1 1 1 1 0 1 1 0 1 0 0 0 0 1 1 0 1 1 1 1 0 0 0 1 0 0 1 1 0 1 1 0 1 1
 0 0 1]"
19,0.9546966718680808,"[1 1 1 1 1 1 1 0 1 1 0 1 0 0 0 0 1 1 0 1 1 1 1 0 0 0 1 0 0 1 1 0 1 1 0 1 1
 0 0 1]"
19,0.9546966718680808,"[1 1 1 1 1 1 1 0 1 1 0 1 0 0 0 0 1 1 0 1 1 1 1 0 0 0 1 0 0 1 1 0 1 1 0 1 1
 0 0 1]"
19,0.9546966718680808,"[1 1 1 1 1 1 1 0 1 1 0 1 0 0 0 0 1 1 0 1 1 1 1 0 0 0 1 0 0 1 1 0 1 1 0 1 1
 0 0 1]"
19,0.9546966718680808,"[1 1 1 1 1 1 1 0 1 1 0 1 0 0 0 0 1 1 0 1 1 1 1 0 0 0 1 0 0 1 1 0 1 1 0 1 1
 0 0 1]"
19,0.9546966718680808,"[1 1 1 1 1 1 1 0 1 1 0 1 0 0 0 0 1 1 0 1 1 1 1 0 0 0 1 0 0 1 1 0 1 1 0 1 1
 0 0 1]"
19,0.9546966718680808,"[1 1 1 1 1 1 1 0 1 1 0 1 0 0 0 0 1 1 0 1 1 1 1 0 0 0 1 0 0 1 1 0 1 1 0 1 1
 0 0 1]"
19,0.9546966718680808,"[1 1 1 1 1 1 1 0 1 1 0 1 0 0 0 0 1 1 0 1 1 1 1 0 0 0 1 0 0 1 1 0 1 1 0 1 1
 0 0 1]"
19,0.9546966718680808,"[1 1 1 1 1 1 1 0 1 1 0 1 0 0 0 0 1 1 0 1 1 1 1 0 0 0 1 0 0 1 1 0 1 1 0 1 1
 0 0 1]"
19,0.9546966718680808,"[1 1 1 1 1 1 1 0 1 1 0 1 0 0 0 0 1 1 0 1 1 1 1 0 0 0 1 0 0 1 1 0 1 1 0 1 1
 0 0 1]"
19,0.9546966718680808,"[1 1 1 1 1 1 1 0 1 1 0 1 0 0 0 0 1 1 0 1 1 1 1 0 0 0 1 0 0 1 1 0 1 1 0 1 1
 0 0 1]"
19,0.9546966718680808,"[1 1 1 1 1 1 1 0 1 1 0 1 0 0 0 0 1 1 0 1 1 1 1 0 0 0 1 0 0 1 1 0 1 1 0 1 1
 0 0 1]"
19,0.9546966718680808,"[1 1 1 1 1 1 1 0 1 1 0 1 0 0 0 0 1 1 0 1 1 1 1 0 0 0 1 0 0 1 1 0 1 1 0 1 1
 0 0 1]"
step,fitness,genome
20,0.9546966718680808,"[1 1 1 1 1 1 1 0 1 1 0 1 0 0 0 0 1 1 0 1 1 1 1 0 0 0 1 0 0 1 1 0 1 1 0 1 1
 0 0 1]"
20,0.9546966718680808,"[1 1 1 1 1 1 1 0 1 1 0 1 0 0 0 0 1 1 0 1 1 1 1 0 0 0 1 0 0 1 1 0 1 1 0 1 1
 0 0 1]"
20,0.9546966718680808,"[1 1 1 1 1 1 1 0 1 1 0 1 0 0 0 0 1 1 0 1 1 1 1 0 0 0 1 0 0 1 1 0 1 1 0 1 1
 0 0 1]"
20,0.9546966718680808,"[1 1 1 1 1 1 1 0 1 1 0 1 0 0 0 0 1 1 0 1 1 1 1 0 0 0 1 0 0 1 1 0 1 1 0 1 1
 0 0 1]"
20,0.9546966718680808,"[1 1 1 1 1 1 1 0 1 1 0 1 0 0 0 0 1 1 0 1 1 1 1 0 0 0 1 0 0 1 1 0 1 1 0 1 1
 0 0 1]"
20,0.9546966718680808,"[1 1 1 1 1 1 1 0 1 1 0 1 0 0 0 0 1 1 0 1 1 1 1 0 0 0 1 0 0 1 1 0 1 1 0 1 1
 0 0 1]"
20,0.9546966718680808,"[1 1 1 1 1 1 1 0 1 1 0 1 0 0 0 0 1 1 0 1 1 1 1 0 0 0 1 0 0 1 1 0 1 1 0 1 1
 0 0 1]"
20,0.9546966718680808,"[1 1 1 1 1 1 1 0 1 1 0 1 0 0 0 0 1 1 0 1 1 1 1 0 0 0 1 0 0 1 1 0 1 1 0 1 1
 0 0 1]"
20,0.9546966718680808,"[1 1 1 1 1 1 1 0 1 1 0 1 0 0 0 0 1 1 0 1 1 1 1 0 0 0 1 0 0 1 1 0 1 1 0 1 1
 0 0 1]"
20,0.9546966718680808,"[1 1 1 1 1 1 1 0 1 1 0 1 0 0 0 0 1 1 0 1 1 1 1 0 0 0 1 0 0 1 1 0 1 1 0 1 1
 0 0 1]"
20,0.9546966718680808,"[1 1 1 1 1 1 1 0 1 1 0 1 0 0 0 0 1 1 0 1 1 1 1 0 0 0 1 0 0 1 1 0 1 1 0 1 1
 0 0 1]"
20,0.9546966718680808,"[1 1 1 1 1 1 1 0 1 1 0 1 0 0 0 0 1 1 0 1 1 1 1 0 0 0 1 0 0 1 1 0 1 1 0 1 1
 0 0 1]"
20,0.9546966718680808,"[1 1 1 1 1 1 1 0 1 1 0 1 0 0 0 0 1 1 0 1 1 1 1 0 0 0 1 0 0 1 1 0 1 1 0 1 1
 0 0 1]"
20,0.9546966718680808,"[1 1 1 1 1 1 1 0 1 1 0 1 0 0 0 0 1 1 0 1 1 1 1 0 0 0 1 0 0 1 1 0 1 1 0 1 1
 0 0 1]"
20,0.9546966718680808,"[1 1 1 1 1 1 1 0 1 1 0 1 0 0 0 0 1 1 0 1 1 1 1 0 0 0 1 0 0 1 1 0 1 1 0 1 1
 0 0 1]"
20,0.9546966718680808,"[1 1 1 1 1 1 1 0 1 1 0 1 0 0 0 0 1 1 0 1 1 1 1 0 0 0 1 0 0 1 1 0 1 1 0 1 1
 0 0 1]"
20,0.9546966718680808,"[1 1 1 1 1 1 1 0 1 1 0 1 0 0 0 0 1 1 0 1 1 1 1 0 0 0 1 0 0 1 1 0 1 1 0 1 1
 0 0 1]"
20,0.9546966718680808,"[1 1 1 1 1 1 1 0 1 1 0 1 0 0 0 0 1 1 0 1 1 1 1 0 0 0 1 0 0 1 1 0 1 1 0 1 1
 0 0 1]"
20,0.9546966718680808,"[1 1 1 1 1 1 1 0 1 1 0 1 0 0 0 0 1 1 0 1 1 1 1 0 0 0 1 0 0 1 1 0 1 1 0 1 1
 0 0 1]"
20,0.9546966718680808,"[1 1 1 1 1 1 1 0 1 1 0 1 0 0 0 0 1 1 0 1 1 1 1 0 0 0 1 0 0 1 1 0 1 1 0 1 1
 0 0 1]"
20,0.9546966718680808,"[1 1 1 1 1 1 1 0 1 1 0 1 0 0 0 0 1 1 0 1 1 1 1 0 0 0 1 0 0 1 1 0 1 1 0 1 1
 0 0 1]"
20,0.9546966718680808,"[1 1 1 1 1 1 1 0 1 1 0 1 0 0 0 0 1 1 0 1 1 1 1 0 0 0 1 0 0 1 1 0 1 1 0 1 1
 0 0 1]"
20,0.9546966718680808,"[1 1 1 1 1 1 1 0 1 1 0 1 0 0 0 0 1 1 0 1 1 1 1 0 0 0 1 0 0 1 1 0 1 1 0 1 1
 0 0 1]"
20,0.9546966718680808,"[1 1 1 1 1 1 1 0 1 1 0 1 0 0 0 0 1 1 0 1 1 1 1 0 0 0 1 0 0 1 1 0 1 1 0 1 1
 0 0 1]"
20,0.9546966718680808,"[1 1 1 1 1 1 1 0 1 1 0 1 0 0 0 0 1 1 0 1 1 1 1 0 0 0 1 0 0 1 1 0 1 1 0 1 1
 0 0 1]"
20,0.9546966718680808,"[1 1 1 1 1 1 1 0 1 1 0 1 0 0 0 0 1 1 0 1 1 1 1 0 0 0 1 0 0 1 1 0 1 1 0 1 1
 0 0 1]"
20,0.9546966718680808,"[1 1 1 1 1 1 1 0 1 1 0 1 0 0 0 0 1 1 0 1 1 1 1 0 0 0 1 0 0 1 1 0 1 1 0 1 1
 0 0 1]"
20,0.9546966718680808,"[1 1 1 1 1 1 1 0 1 1 0 1 0 0 0 0 1 1 0 1 1 1 1 0 0 0 1 0 0 1 1 0 1 1 0 1 1
 0 0 1]"
20,0.9546966718680808,"[1 1 1 1 1 1 1 0 1 1 0 1 0 0 0 0 1 1 0 1 1 1 1 0 0 0 1 0 0 1 1 0 1 1 0 1 1
 0 0 1]"
20,0.9546966718680808,"[1 1 1 1 1 1 1 0 1 1 0 1 0 0 0 0 1 1 0 1 1 1 1 0 0 0 1 0 0 1 1 0 1 1 0 1 1
 0 0 1]"
20,0.9546966718680808,"[1 1 1 1 1 1 1 0 1 1 0 1 0 0 0 0 1 1 0 1 1 1 1 0 0 0 1 0 0 1 1 0 1 1 0 1 1
 0 0 1]"
20,0.9546966718680808,"[1 1 1 1 1 1 1 0 1 1 0 1 0 0 0 0 1 1 0 1 1 1 1 0 0 0 1 0 0 1 1 0 1 1 0 1 1
 0 0 1]"
20,0.9546966718680808,"[1 1 1 1 1 1 1 0 1 1 0 1 0 0 0 0 1 1 0 1 1 1 1 0 0 0 1 0 0 1 1 0 1 1 0 1 1
 0 0 1]"
20,0.9546966718680808,"[1 1 1 1 1 1 1 0 1 1 0 1 0 0 0 0 1 1 0 1 1 1 1 0 0 0 1 0 0 1 1 0 1 1 0 1 1
 0 0 1]"
20,0.9546966718680808,"[1 1 1 1 1 1 1 0 1 1 0 1 0 0 0 0 1 1 0 1 1 1 1 0 0 0 1 0 0 1 1 0 1 1 0 1 1
 0 0 1]"
20,0.9546966718680808,"[1 1 1 1 1 1 1 0 1 1 0 1 0 0 0 0 1 1 0 1 1 1 1 0 0 0 1 0 0 1 1 0 1 1 0 1 1
 0 0 1]"
20,0.9546966718680808,"[1 1 1 1 1 1 1 0 1 1 0 1 0 0 0 0 1 1 0 1 1 1 1 0 0 0 1 0 0 1 1 0 1 1 0 1 1
 0 0 1]"
20,0.9546966718680808,"[1 1 1 1 1 1 1 0 1 1 0 1 0 0 0 0 1 1 0 1 1 1 1 0 0 0 1 0 0 1 1 0 1 1 0 1 1
 0 0 1]"
20,0.9546966718680808,"[1 1 1 1 1 1 1 0 1 1 0 1 0 0 0 0 1 1 0 1 1 1 1 0 0 0 1 0 0 1 1 0 1 1 0 1 1
 0 0 1]"
20,0.9546966718680808,"[1 1 1 1 1 1 1 0 1 1 0 1 0 0 0 0 1 1 0 1 1 1 1 0 0 0 1 0 0 1 1 0 1 1 0 1 1
 0 0 1]"
20,0.9546966718680808,"[1 1 1 1 1 1 1 0 1 1 0 1 0 0 0 0 1 1 0 1 1 1 1 0 0 0 1 0 0 1 1 0 1 1 0 1 1
 0 0 1]"
20,0.9546966718680808,"[1 1 1 1 1 1 1 0 1 1 0 1 0 0 0 0 1 1 0 1 1 1 1 0 0 0 1 0 0 1 1 0 1 1 0 1 1
 0 0 1]"
20,0.9546966718680808,"[1 1 1 1 1 1 1 0 1 1 0 1 0 0 0 0 1 1 0 1 1 1 1 0 0 0 1 0 0 1 1 0 1 1 0 1 1
 0 0 1]"
20,0.9546966718680808,"[1 1 1 1 1 1 1 0 1 1 0 1 0 0 0 0 1 1 0 1 1 1 1 0 0 0 1 0 0 1 1 0 1 1 0 1 1
 0 0 1]"
20,0.9546966718680808,"[1 1 1 1 1 1 1 0 1 1 0 1 0 0 0 0 1 1 0 1 1 1 1 0 0 0 1 0 0 1 1 0 1 1 0 1 1
 0 0 1]"
20,0.9546966718680808,"[1 1 1 1 1 1 1 0 1 1 0 1 0 0 0 0 1 1 0 1 1 1 1 0 0 0 1 0 0 1 1 0 1 1 0 1 1
 0 0 1]"
20,0.9546966718680808,"[1 1 1 1 1 1 1 0 1 1 0 1 0 0 0 0 1 1 0 1 1 1 1 0 0 0 1 0 0 1 1 0 1 1 0 1 1
 0 0 1]"
20,0.9546966718680808,"[1 1 1 1 1 1 1 0 1 1 0 1 0 0 0 0 1 1 0 1 1 1 1 0 0 0 1 0 0 1 1 0 1 1 0 1 1
 0 0 1]"
20,0.9546966718680808,"[1 1 1 1 1 1 1 0 1 1 0 1 0 0 0 0 1 1 0 1 1 1 1 0 0 0 1 0 0 1 1 0 1 1 0 1 1
 0 0 1]"
20,0.9546966718680808,"[1 1 1 1 1 1 1 0 1 1 0 1 0 0 0 0 1 1 0 1 1 1 1 0 0 0 1 0 0 1 1 0 1 1 0 1 1
 0 0 1]"
20,0.9546966718680808,"[1 1 1 1 1 1 1 0 1 1 0 1 0 0 0 0 1 1 0 1 1 1 1 0 0 0 1 0 0 1 1 0 1 1 0 1 1
 0 0 1]"
20,0.9546966718680808,"[1 1 1 1 1 1 1 0 1 1 0 1 0 0 0 0 1 1 0 1 1 1 1 0 0 0 1 0 0 1 1 0 1 1 0 1 1
 0 0 1]"
20,0.9546966718680808,"[1 1 1 1 1 1 1 0 1 1 0 1 0 0 0 0 1 1 0 1 1 1 1 0 0 0 1 0 0 1 1 0 1 1 0 1 1
 0 0 1]"
20,0.9546966718680808,"[1 1 1 1 1 1 1 0 1 1 0 1 0 0 0 0 1 1 0 1 1 1 1 0 0 0 1 0 0 1 1 0 1 1 0 1 1
 0 0 1]"
20,0.9546966718680808,"[1 1 1 1 1 1 1 0 1 1 0 1 0 0 0 0 1 1 0 1 1 1 1 0 0 0 1 0 0 1 1 0 1 1 0 1 1
 0 0 1]"
20,0.9546966718680808,"[1 1 1 1 1 1 1 0 1 1 0 1 0 0 0 0 1 1 0 1 1 1 1 0 0 0 1 0 0 1 1 0 1 1 0 1 1
 0 0 1]"
20,0.9546966718680808,"[1 1 1 1 1 1 1 0 1 1 0 1 0 0 0 0 1 1 0 1 1 1 1 0 0 0 1 0 0 1 1 0 1 1 0 1 1
 0 0 1]"
20,0.9546966718680808,"[1 1 1 1 1 1 1 0 1 1 0 1 0 0 0 0 1 1 0 1 1 1 1 0 0 0 1 0 0 1 1 0 1 1 0 1 1
 0 0 1]"
20,0.9546966718680808,"[1 1 1 1 1 1 1 0 1 1 0 1 0 0 0 0 1 1 0 1 1 1 1 0 0 0 1 0 0 1 1 0 1 1 0 1 1
 0 0 1]"
20,0.9546966718680808,"[1 1 1 1 1 1 1 0 1 1 0 1 0 0 0 0 1 1 0 1 1 1 1 0 0 0 1 0 0 1 1 0 1 1 0 1 1
 0 0 1]"
20,0.9546966718680808,"[1 1 1 1 1 1 1 0 1 1 0 1 0 0 0 0 1 1 0 1 1 1 1 0 0 0 1 0 0 1 1 0 1 1 0 1 1
 0 0 1]"
20,0.9546966718680808,"[1 1 1 1 1 1 1 0 1 1 0 1 0 0 0 0 1 1 0 1 1 1 1 0 0 0 1 0 0 1 1 0 1 1 0 1 1
 0 0 1]"
20,0.9546966718680808,"[1 1 1 1 1 1 1 0 1 1 0 1 0 0 0 0 1 1 0 1 1 1 1 0 0 0 1 0 0 1 1 0 1 1 0 1 1
 0 0 1]"
20,0.9546966718680808,"[1 1 1 1 1 1 1 0 1 1 0 1 0 0 0 0 1 1 0 1 1 1 1 0 0 0 1 0 0 1 1 0 1 1 0 1 1
 0 0 1]"
20,0.9546966718680808,"[1 1 1 1 1 1 1 0 1 1 0 1 0 0 0 0 1 1 0 1 1 1 1 0 0 0 1 0 0 1 1 0 1 1 0 1 1
 0 0 1]"
20,0.9546966718680808,"[1 1 1 1 1 1 1 0 1 1 0 1 0 0 0 0 1 1 0 1 1 1 1 0 0 0 1 0 0 1 1 0 1 1 0 1 1
 0 0 1]"
20,0.9546966718680808,"[1 1 1 1 1 1 1 0 1 1 0 1 0 0 0 0 1 1 0 1 1 1 1 0 0 0 1 0 0 1 1 0 1 1 0 1 1
 0 0 1]"
20,0.9546966718680808,"[1 1 1 1 1 1 1 0 1 1 0 1 0 0 0 0 1 1 0 1 1 1 1 0 0 0 1 0 0 1 1 0 1 1 0 1 1
 0 0 1]"
20,0.9546966718680808,"[1 1 1 1 1 1 1 0 1 1 0 1 0 0 0 0 1 1 0 1 1 1 1 0 0 0 1 0 0 1 1 0 1 1 0 1 1
 0 0 1]"
20,0.9546966718680808,"[1 1 1 1 1 1 1 0 1 1 0 1 0 0 0 0 1 1 0 1 1 1 1 0 0 0 1 0 0 1 1 0 1 1 0 1 1
 0 0 1]"
20,0.9546966718680808,"[1 1 1 1 1 1 1 0 1 1 0 1 0 0 0 0 1 1 0 1 1 1 1 0 0 0 1 0 0 1 1 0 1 1 0 1 1
 0 0 1]"
20,0.9546966718680808,"[1 1 1 1 1 1 1 0 1 1 0 1 0 0 0 0 1 1 0 1 1 1 1 0 0 0 1 0 0 1 1 0 1 1 0 1 1
 0 0 1]"
20,0.9546966718680808,"[1 1 1 1 1 1 1 0 1 1 0 1 0 0 0 0 1 1 0 1 1 1 1 0 0 0 1 0 0 1 1 0 1 1 0 1 1
 0 0 1]"
20,0.9546966718680808,"[1 1 1 1 1 1 1 0 1 1 0 1 0 0 0 0 1 1 0 1 1 1 1 0 0 0 1 0 0 1 1 0 1 1 0 1 1
 0 0 1]"
20,0.9546966718680808,"[1 1 1 1 1 1 1 0 1 1 0 1 0 0 0 0 1 1 0 1 1 1 1 0 0 0 1 0 0 1 1 0 1 1 0 1 1
 0 0 1]"
step,fitness,genome
21,0.9546966718680808,"[1 1 1 1 1 1 1 0 1 1 0 1 0 0 0 0 1 1 0 1 1 1 1 0 0 0 1 0 0 1 1 0 1 1 0 1 1
 0 0 1]"
21,0.9546966718680808,"[1 1 1 1 1 1 1 0 1 1 0 1 0 0 0 0 1 1 0 1 1 1 1 0 0 0 1 0 0 1 1 0 1 1 0 1 1
 0 0 1]"
21,0.9546966718680808,"[1 1 1 1 1 1 1 0 1 1 0 1 0 0 0 0 1 1 0 1 1 1 1 0 0 0 1 0 0 1 1 0 1 1 0 1 1
 0 0 1]"
21,0.9546966718680808,"[1 1 1 1 1 1 1 0 1 1 0 1 0 0 0 0 1 1 0 1 1 1 1 0 0 0 1 0 0 1 1 0 1 1 0 1 1
 0 0 1]"
21,0.9546966718680808,"[1 1 1 1 1 1 1 0 1 1 0 1 0 0 0 0 1 1 0 1 1 1 1 0 0 0 1 0 0 1 1 0 1 1 0 1 1
 0 0 1]"
21,0.9546966718680808,"[1 1 1 1 1 1 1 0 1 1 0 1 0 0 0 0 1 1 0 1 1 1 1 0 0 0 1 0 0 1 1 0 1 1 0 1 1
 0 0 1]"
21,0.9546966718680808,"[1 1 1 1 1 1 1 0 1 1 0 1 0 0 0 0 1 1 0 1 1 1 1 0 0 0 1 0 0 1 1 0 1 1 0 1 1
 0 0 1]"
21,0.9546966718680808,"[1 1 1 1 1 1 1 0 1 1 0 1 0 0 0 0 1 1 0 1 1 1 1 0 0 0 1 0 0 1 1 0 1 1 0 1 1
 0 0 1]"
21,0.9546966718680808,"[1 1 1 1 1 1 1 0 1 1 0 1 0 0 0 0 1 1 0 1 1 1 1 0 0 0 1 0 0 1 1 0 1 1 0 1 1
 0 0 1]"
21,0.9546966718680808,"[1 1 1 1 1 1 1 0 1 1 0 1 0 0 0 0 1 1 0 1 1 1 1 0 0 0 1 0 0 1 1 0 1 1 0 1 1
 0 0 1]"
21,0.9546966718680808,"[1 1 1 1 1 1 1 0 1 1 0 1 0 0 0 0 1 1 0 1 1 1 1 0 0 0 1 0 0 1 1 0 1 1 0 1 1
 0 0 1]"
21,0.9546966718680808,"[1 1 1 1 1 1 1 0 1 1 0 1 0 0 0 0 1 1 0 1 1 1 1 0 0 0 1 0 0 1 1 0 1 1 0 1 1
 0 0 1]"
21,0.9546966718680808,"[1 1 1 1 1 1 1 0 1 1 0 1 0 0 0 0 1 1 0 1 1 1 1 0 0 0 1 0 0 1 1 0 1 1 0 1 1
 0 0 1]"
21,0.9546966718680808,"[1 1 1 1 1 1 1 0 1 1 0 1 0 0 0 0 1 1 0 1 1 1 1 0 0 0 1 0 0 1 1 0 1 1 0 1 1
 0 0 1]"
21,0.9546966718680808,"[1 1 1 1 1 1 1 0 1 1 0 1 0 0 0 0 1 1 0 1 1 1 1 0 0 0 1 0 0 1 1 0 1 1 0 1 1
 0 0 1]"
21,0.9546966718680808,"[1 1 1 1 1 1 1 0 1 1 0 1 0 0 0 0 1 1 0 1 1 1 1 0 0 0 1 0 0 1 1 0 1 1 0 1 1
 0 0 1]"
21,0.9546966718680808,"[1 1 1 1 1 1 1 0 1 1 0 1 0 0 0 0 1 1 0 1 1 1 1 0 0 0 1 0 0 1 1 0 1 1 0 1 1
 0 0 1]"
21,0.9546966718680808,"[1 1 1 1 1 1 1 0 1 1 0 1 0 0 0 0 1 1 0 1 1 1 1 0 0 0 1 0 0 1 1 0 1 1 0 1 1
 0 0 1]"
21,0.9546966718680808,"[1 1 1 1 1 1 1 0 1 1 0 1 0 0 0 0 1 1 0 1 1 1 1 0 0 0 1 0 0 1 1 0 1 1 0 1 1
 0 0 1]"
21,0.9546966718680808,"[1 1 1 1 1 1 1 0 1 1 0 1 0 0 0 0 1 1 0 1 1 1 1 0 0 0 1 0 0 1 1 0 1 1 0 1 1
 0 0 1]"
21,0.9546966718680808,"[1 1 1 1 1 1 1 0 1 1 0 1 0 0 0 0 1 1 0 1 1 1 1 0 0 0 1 0 0 1 1 0 1 1 0 1 1
 0 0 1]"
21,0.9546966718680808,"[1 1 1 1 1 1 1 0 1 1 0 1 0 0 0 0 1 1 0 1 1 1 1 0 0 0 1 0 0 1 1 0 1 1 0 1 1
 0 0 1]"
21,0.9546966718680808,"[1 1 1 1 1 1 1 0 1 1 0 1 0 0 0 0 1 1 0 1 1 1 1 0 0 0 1 0 0 1 1 0 1 1 0 1 1
 0 0 1]"
21,0.9546966718680808,"[1 1 1 1 1 1 1 0 1 1 0 1 0 0 0 0 1 1 0 1 1 1 1 0 0 0 1 0 0 1 1 0 1 1 0 1 1
 0 0 1]"
21,0.9546966718680808,"[1 1 1 1 1 1 1 0 1 1 0 1 0 0 0 0 1 1 0 1 1 1 1 0 0 0 1 0 0 1 1 0 1 1 0 1 1
 0 0 1]"
21,0.9546966718680808,"[1 1 1 1 1 1 1 0 1 1 0 1 0 0 0 0 1 1 0 1 1 1 1 0 0 0 1 0 0 1 1 0 1 1 0 1 1
 0 0 1]"
21,0.9546966718680808,"[1 1 1 1 1 1 1 0 1 1 0 1 0 0 0 0 1 1 0 1 1 1 1 0 0 0 1 0 0 1 1 0 1 1 0 1 1
 0 0 1]"
21,0.9546966718680808,"[1 1 1 1 1 1 1 0 1 1 0 1 0 0 0 0 1 1 0 1 1 1 1 0 0 0 1 0 0 1 1 0 1 1 0 1 1
 0 0 1]"
21,0.9546966718680808,"[1 1 1 1 1 1 1 0 1 1 0 1 0 0 0 0 1 1 0 1 1 1 1 0 0 0 1 0 0 1 1 0 1 1 0 1 1
 0 0 1]"
21,0.9546966718680808,"[1 1 1 1 1 1 1 0 1 1 0 1 0 0 0 0 1 1 0 1 1 1 1 0 0 0 1 0 0 1 1 0 1 1 0 1 1
 0 0 1]"
21,0.9546966718680808,"[1 1 1 1 1 1 1 0 1 1 0 1 0 0 0 0 1 1 0 1 1 1 1 0 0 0 1 0 0 1 1 0 1 1 0 1 1
 0 0 1]"
21,0.9546966718680808,"[1 1 1 1 1 1 1 0 1 1 0 1 0 0 0 0 1 1 0 1 1 1 1 0 0 0 1 0 0 1 1 0 1 1 0 1 1
 0 0 1]"
21,0.9546966718680808,"[1 1 1 1 1 1 1 0 1 1 0 1 0 0 0 0 1 1 0 1 1 1 1 0 0 0 1 0 0 1 1 0 1 1 0 1 1
 0 0 1]"
21,0.9546966718680808,"[1 1 1 1 1 1 1 0 1 1 0 1 0 0 0 0 1 1 0 1 1 1 1 0 0 0 1 0 0 1 1 0 1 1 0 1 1
 0 0 1]"
21,0.9546966718680808,"[1 1 1 1 1 1 1 0 1 1 0 1 0 0 0 0 1 1 0 1 1 1 1 0 0 0 1 0 0 1 1 0 1 1 0 1 1
 0 0 1]"
21,0.9546966718680808,"[1 1 1 1 1 1 1 0 1 1 0 1 0 0 0 0 1 1 0 1 1 1 1 0 0 0 1 0 0 1 1 0 1 1 0 1 1
 0 0 1]"
21,0.9546966718680808,"[1 1 1 1 1 1 1 0 1 1 0 1 0 0 0 0 1 1 0 1 1 1 1 0 0 0 1 0 0 1 1 0 1 1 0 1 1
 0 0 1]"
21,0.9546966718680808,"[1 1 1 1 1 1 1 0 1 1 0 1 0 0 0 0 1 1 0 1 1 1 1 0 0 0 1 0 0 1 1 0 1 1 0 1 1
 0 0 1]"
21,0.9546966718680808,"[1 1 1 1 1 1 1 0 1 1 0 1 0 0 0 0 1 1 0 1 1 1 1 0 0 0 1 0 0 1 1 0 1 1 0 1 1
 0 0 1]"
21,0.9546966718680808,"[1 1 1 1 1 1 1 0 1 1 0 1 0 0 0 0 1 1 0 1 1 1 1 0 0 0 1 0 0 1 1 0 1 1 0 1 1
 0 0 1]"
21,0.9546966718680808,"[1 1 1 1 1 1 1 0 1 1 0 1 0 0 0 0 1 1 0 1 1 1 1 0 0 0 1 0 0 1 1 0 1 1 0 1 1
 0 0 1]"
21,0.9546966718680808,"[1 1 1 1 1 1 1 0 1 1 0 1 0 0 0 0 1 1 0 1 1 1 1 0 0 0 1 0 0 1 1 0 1 1 0 1 1
 0 0 1]"
21,0.9546966718680808,"[1 1 1 1 1 1 1 0 1 1 0 1 0 0 0 0 1 1 0 1 1 1 1 0 0 0 1 0 0 1 1 0 1 1 0 1 1
 0 0 1]"
21,0.9546966718680808,"[1 1 1 1 1 1 1 0 1 1 0 1 0 0 0 0 1 1 0 1 1 1 1 0 0 0 1 0 0 1 1 0 1 1 0 1 1
 0 0 1]"
21,0.9546966718680808,"[1 1 1 1 1 1 1 0 1 1 0 1 0 0 0 0 1 1 0 1 1 1 1 0 0 0 1 0 0 1 1 0 1 1 0 1 1
 0 0 1]"
21,0.9546966718680808,"[1 1 1 1 1 1 1 0 1 1 0 1 0 0 0 0 1 1 0 1 1 1 1 0 0 0 1 0 0 1 1 0 1 1 0 1 1
 0 0 1]"
21,0.9546966718680808,"[1 1 1 1 1 1 1 0 1 1 0 1 0 0 0 0 1 1 0 1 1 1 1 0 0 0 1 0 0 1 1 0 1 1 0 1 1
 0 0 1]"
21,0.9546966718680808,"[1 1 1 1 1 1 1 0 1 1 0 1 0 0 0 0 1 1 0 1 1 1 1 0 0 0 1 0 0 1 1 0 1 1 0 1 1
 0 0 1]"
21,0.9546966718680808,"[1 1 1 1 1 1 1 0 1 1 0 1 0 0 0 0 1 1 0 1 1 1 1 0 0 0 1 0 0 1 1 0 1 1 0 1 1
 0 0 1]"
21,0.9546966718680808,"[1 1 1 1 1 1 1 0 1 1 0 1 0 0 0 0 1 1 0 1 1 1 1 0 0 0 1 0 0 1 1 0 1 1 0 1 1
 0 0 1]"
21,0.9546966718680808,"[1 1 1 1 1 1 1 0 1 1 0 1 0 0 0 0 1 1 0 1 1 1 1 0 0 0 1 0 0 1 1 0 1 1 0 1 1
 0 0 1]"
21,0.9546966718680808,"[1 1 1 1 1 1 1 0 1 1 0 1 0 0 0 0 1 1 0 1 1 1 1 0 0 0 1 0 0 1 1 0 1 1 0 1 1
 0 0 1]"
21,0.9546966718680808,"[1 1 1 1 1 1 1 0 1 1 0 1 0 0 0 0 1 1 0 1 1 1 1 0 0 0 1 0 0 1 1 0 1 1 0 1 1
 0 0 1]"
21,0.9546966718680808,"[1 1 1 1 1 1 1 0 1 1 0 1 0 0 0 0 1 1 0 1 1 1 1 0 0 0 1 0 0 1 1 0 1 1 0 1 1
 0 0 1]"
21,0.9546966718680808,"[1 1 1 1 1 1 1 0 1 1 0 1 0 0 0 0 1 1 0 1 1 1 1 0 0 0 1 0 0 1 1 0 1 1 0 1 1
 0 0 1]"
21,0.9546966718680808,"[1 1 1 1 1 1 1 0 1 1 0 1 0 0 0 0 1 1 0 1 1 1 1 0 0 0 1 0 0 1 1 0 1 1 0 1 1
 0 0 1]"
21,0.9546966718680808,"[1 1 1 1 1 1 1 0 1 1 0 1 0 0 0 0 1 1 0 1 1 1 1 0 0 0 1 0 0 1 1 0 1 1 0 1 1
 0 0 1]"
21,0.9546966718680808,"[1 1 1 1 1 1 1 0 1 1 0 1 0 0 0 0 1 1 0 1 1 1 1 0 0 0 1 0 0 1 1 0 1 1 0 1 1
 0 0 1]"
21,0.9546966718680808,"[1 1 1 1 1 1 1 0 1 1 0 1 0 0 0 0 1 1 0 1 1 1 1 0 0 0 1 0 0 1 1 0 1 1 0 1 1
 0 0 1]"
21,0.9546966718680808,"[1 1 1 1 1 1 1 0 1 1 0 1 0 0 0 0 1 1 0 1 1 1 1 0 0 0 1 0 0 1 1 0 1 1 0 1 1
 0 0 1]"
21,0.9546966718680808,"[1 1 1 1 1 1 1 0 1 1 0 1 0 0 0 0 1 1 0 1 1 1 1 0 0 0 1 0 0 1 1 0 1 1 0 1 1
 0 0 1]"
21,0.9546966718680808,"[1 1 1 1 1 1 1 0 1 1 0 1 0 0 0 0 1 1 0 1 1 1 1 0 0 0 1 0 0 1 1 0 1 1 0 1 1
 0 0 1]"
21,0.9546966718680808,"[1 1 1 1 1 1 1 0 1 1 0 1 0 0 0 0 1 1 0 1 1 1 1 0 0 0 1 0 0 1 1 0 1 1 0 1 1
 0 0 1]"
21,0.9546966718680808,"[1 1 1 1 1 1 1 0 1 1 0 1 0 0 0 0 1 1 0 1 1 1 1 0 0 0 1 0 0 1 1 0 1 1 0 1 1
 0 0 1]"
21,0.9546966718680808,"[1 1 1 1 1 1 1 0 1 1 0 1 0 0 0 0 1 1 0 1 1 1 1 0 0 0 1 0 0 1 1 0 1 1 0 1 1
 0 0 1]"
21,0.9546966718680808,"[1 1 1 1 1 1 1 0 1 1 0 1 0 0 0 0 1 1 0 1 1 1 1 0 0 0 1 0 0 1 1 0 1 1 0 1 1
 0 0 1]"
21,0.9546966718680808,"[1 1 1 1 1 1 1 0 1 1 0 1 0 0 0 0 1 1 0 1 1 1 1 0 0 0 1 0 0 1 1 0 1 1 0 1 1
 0 0 1]"
21,0.9546966718680808,"[1 1 1 1 1 1 1 0 1 1 0 1 0 0 0 0 1 1 0 1 1 1 1 0 0 0 1 0 0 1 1 0 1 1 0 1 1
 0 0 1]"
21,0.9546966718680808,"[1 1 1 1 1 1 1 0 1 1 0 1 0 0 0 0 1 1 0 1 1 1 1 0 0 0 1 0 0 1 1 0 1 1 0 1 1
 0 0 1]"
21,0.9546966718680808,"[1 1 1 1 1 1 1 0 1 1 0 1 0 0 0 0 1 1 0 1 1 1 1 0 0 0 1 0 0 1 1 0 1 1 0 1 1
 0 0 1]"
21,0.9546966718680808,"[1 1 1 1 1 1 1 0 1 1 0 1 0 0 0 0 1 1 0 1 1 1 1 0 0 0 1 0 0 1 1 0 1 1 0 1 1
 0 0 1]"
21,0.9546966718680808,"[1 1 1 1 1 1 1 0 1 1 0 1 0 0 0 0 1 1 0 1 1 1 1 0 0 0 1 0 0 1 1 0 1 1 0 1 1
 0 0 1]"
21,0.9546966718680808,"[1 1 1 1 1 1 1 0 1 1 0 1 0 0 0 0 1 1 0 1 1 1 1 0 0 0 1 0 0 1 1 0 1 1 0 1 1
 0 0 1]"
21,0.9546966718680808,"[1 1 1 1 1 1 1 0 1 1 0 1 0 0 0 0 1 1 0 1 1 1 1 0 0 0 1 0 0 1 1 0 1 1 0 1 1
 0 0 1]"
21,0.9546966718680808,"[1 1 1 1 1 1 1 0 1 1 0 1 0 0 0 0 1 1 0 1 1 1 1 0 0 0 1 0 0 1 1 0 1 1 0 1 1
 0 0 1]"
step,fitness,genome
22,0.9546966718680808,"[1 1 1 1 1 1 1 0 1 1 0 1 0 0 0 0 1 1 0 1 1 1 1 0 0 0 1 0 0 1 1 0 1 1 0 1 1
 0 0 1]"
22,0.9546966718680808,"[1 1 1 1 1 1 1 0 1 1 0 1 0 0 0 0 1 1 0 1 1 1 1 0 0 0 1 0 0 1 1 0 1 1 0 1 1
 0 0 1]"
22,0.9546966718680808,"[1 1 1 1 1 1 1 0 1 1 0 1 0 0 0 0 1 1 0 1 1 1 1 0 0 0 1 0 0 1 1 0 1 1 0 1 1
 0 0 1]"
22,0.9546966718680808,"[1 1 1 1 1 1 1 0 1 1 0 1 0 0 0 0 1 1 0 1 1 1 1 0 0 0 1 0 0 1 1 0 1 1 0 1 1
 0 0 1]"
22,0.9546966718680808,"[1 1 1 1 1 1 1 0 1 1 0 1 0 0 0 0 1 1 0 1 1 1 1 0 0 0 1 0 0 1 1 0 1 1 0 1 1
 0 0 1]"
22,0.9546966718680808,"[1 1 1 1 1 1 1 0 1 1 0 1 0 0 0 0 1 1 0 1 1 1 1 0 0 0 1 0 0 1 1 0 1 1 0 1 1
 0 0 1]"
22,0.9546966718680808,"[1 1 1 1 1 1 1 0 1 1 0 1 0 0 0 0 1 1 0 1 1 1 1 0 0 0 1 0 0 1 1 0 1 1 0 1 1
 0 0 1]"
22,0.9546966718680808,"[1 1 1 1 1 1 1 0 1 1 0 1 0 0 0 0 1 1 0 1 1 1 1 0 0 0 1 0 0 1 1 0 1 1 0 1 1
 0 0 1]"
22,0.9546966718680808,"[1 1 1 1 1 1 1 0 1 1 0 1 0 0 0 0 1 1 0 1 1 1 1 0 0 0 1 0 0 1 1 0 1 1 0 1 1
 0 0 1]"
22,0.9546966718680808,"[1 1 1 1 1 1 1 0 1 1 0 1 0 0 0 0 1 1 0 1 1 1 1 0 0 0 1 0 0 1 1 0 1 1 0 1 1
 0 0 1]"
22,0.9546966718680808,"[1 1 1 1 1 1 1 0 1 1 0 1 0 0 0 0 1 1 0 1 1 1 1 0 0 0 1 0 0 1 1 0 1 1 0 1 1
 0 0 1]"
22,0.9546966718680808,"[1 1 1 1 1 1 1 0 1 1 0 1 0 0 0 0 1 1 0 1 1 1 1 0 0 0 1 0 0 1 1 0 1 1 0 1 1
 0 0 1]"
22,0.9546966718680808,"[1 1 1 1 1 1 1 0 1 1 0 1 0 0 0 0 1 1 0 1 1 1 1 0 0 0 1 0 0 1 1 0 1 1 0 1 1
 0 0 1]"
22,0.9546966718680808,"[1 1 1 1 1 1 1 0 1 1 0 1 0 0 0 0 1 1 0 1 1 1 1 0 0 0 1 0 0 1 1 0 1 1 0 1 1
 0 0 1]"
22,0.9546966718680808,"[1 1 1 1 1 1 1 0 1 1 0 1 0 0 0 0 1 1 0 1 1 1 1 0 0 0 1 0 0 1 1 0 1 1 0 1 1
 0 0 1]"
22,0.9546966718680808,"[1 1 1 1 1 1 1 0 1 1 0 1 0 0 0 0 1 1 0 1 1 1 1 0 0 0 1 0 0 1 1 0 1 1 0 1 1
 0 0 1]"
22,0.9546966718680808,"[1 1 1 1 1 1 1 0 1 1 0 1 0 0 0 0 1 1 0 1 1 1 1 0 0 0 1 0 0 1 1 0 1 1 0 1 1
 0 0 1]"
22,0.9546966718680808,"[1 1 1 1 1 1 1 0 1 1 0 1 0 0 0 0 1 1 0 1 1 1 1 0 0 0 1 0 0 1 1 0 1 1 0 1 1
 0 0 1]"
22,0.9546966718680808,"[1 1 1 1 1 1 1 0 1 1 0 1 0 0 0 0 1 1 0 1 1 1 1 0 0 0 1 0 0 1 1 0 1 1 0 1 1
 0 0 1]"
22,0.9546966718680808,"[1 1 1 1 1 1 1 0 1 1 0 1 0 0 0 0 1 1 0 1 1 1 1 0 0 0 1 0 0 1 1 0 1 1 0 1 1
 0 0 1]"
22,0.9546966718680808,"[1 1 1 1 1 1 1 0 1 1 0 1 0 0 0 0 1 1 0 1 1 1 1 0 0 0 1 0 0 1 1 0 1 1 0 1 1
 0 0 1]"
22,0.9546966718680808,"[1 1 1 1 1 1 1 0 1 1 0 1 0 0 0 0 1 1 0 1 1 1 1 0 0 0 1 0 0 1 1 0 1 1 0 1 1
 0 0 1]"
22,0.9546966718680808,"[1 1 1 1 1 1 1 0 1 1 0 1 0 0 0 0 1 1 0 1 1 1 1 0 0 0 1 0 0 1 1 0 1 1 0 1 1
 0 0 1]"
22,0.9546966718680808,"[1 1 1 1 1 1 1 0 1 1 0 1 0 0 0 0 1 1 0 1 1 1 1 0 0 0 1 0 0 1 1 0 1 1 0 1 1
 0 0 1]"
22,0.9546966718680808,"[1 1 1 1 1 1 1 0 1 1 0 1 0 0 0 0 1 1 0 1 1 1 1 0 0 0 1 0 0 1 1 0 1 1 0 1 1
 0 0 1]"
22,0.9546966718680808,"[1 1 1 1 1 1 1 0 1 1 0 1 0 0 0 0 1 1 0 1 1 1 1 0 0 0 1 0 0 1 1 0 1 1 0 1 1
 0 0 1]"
22,0.9546966718680808,"[1 1 1 1 1 1 1 0 1 1 0 1 0 0 0 0 1 1 0 1 1 1 1 0 0 0 1 0 0 1 1 0 1 1 0 1 1
 0 0 1]"
22,0.9546966718680808,"[1 1 1 1 1 1 1 0 1 1 0 1 0 0 0 0 1 1 0 1 1 1 1 0 0 0 1 0 0 1 1 0 1 1 0 1 1
 0 0 1]"
22,0.9546966718680808,"[1 1 1 1 1 1 1 0 1 1 0 1 0 0 0 0 1 1 0 1 1 1 1 0 0 0 1 0 0 1 1 0 1 1 0 1 1
 0 0 1]"
22,0.9546966718680808,"[1 1 1 1 1 1 1 0 1 1 0 1 0 0 0 0 1 1 0 1 1 1 1 0 0 0 1 0 0 1 1 0 1 1 0 1 1
 0 0 1]"
22,0.9546966718680808,"[1 1 1 1 1 1 1 0 1 1 0 1 0 0 0 0 1 1 0 1 1 1 1 0 0 0 1 0 0 1 1 0 1 1 0 1 1
 0 0 1]"
22,0.9546966718680808,"[1 1 1 1 1 1 1 0 1 1 0 1 0 0 0 0 1 1 0 1 1 1 1 0 0 0 1 0 0 1 1 0 1 1 0 1 1
 0 0 1]"
22,0.9546966718680808,"[1 1 1 1 1 1 1 0 1 1 0 1 0 0 0 0 1 1 0 1 1 1 1 0 0 0 1 0 0 1 1 0 1 1 0 1 1
 0 0 1]"
22,0.9546966718680808,"[1 1 1 1 1 1 1 0 1 1 0 1 0 0 0 0 1 1 0 1 1 1 1 0 0 0 1 0 0 1 1 0 1 1 0 1 1
 0 0 1]"
22,0.9546966718680808,"[1 1 1 1 1 1 1 0 1 1 0 1 0 0 0 0 1 1 0 1 1 1 1 0 0 0 1 0 0 1 1 0 1 1 0 1 1
 0 0 1]"
22,0.9546966718680808,"[1 1 1 1 1 1 1 0 1 1 0 1 0 0 0 0 1 1 0 1 1 1 1 0 0 0 1 0 0 1 1 0 1 1 0 1 1
 0 0 1]"
22,0.9546966718680808,"[1 1 1 1 1 1 1 0 1 1 0 1 0 0 0 0 1 1 0 1 1 1 1 0 0 0 1 0 0 1 1 0 1 1 0 1 1
 0 0 1]"
22,0.9546966718680808,"[1 1 1 1 1 1 1 0 1 1 0 1 0 0 0 0 1 1 0 1 1 1 1 0 0 0 1 0 0 1 1 0 1 1 0 1 1
 0 0 1]"
22,0.9546966718680808,"[1 1 1 1 1 1 1 0 1 1 0 1 0 0 0 0 1 1 0 1 1 1 1 0 0 0 1 0 0 1 1 0 1 1 0 1 1
 0 0 1]"
22,0.9546966718680808,"[1 1 1 1 1 1 1 0 1 1 0 1 0 0 0 0 1 1 0 1 1 1 1 0 0 0 1 0 0 1 1 0 1 1 0 1 1
 0 0 1]"
22,0.9546966718680808,"[1 1 1 1 1 1 1 0 1 1 0 1 0 0 0 0 1 1 0 1 1 1 1 0 0 0 1 0 0 1 1 0 1 1 0 1 1
 0 0 1]"
22,0.9546966718680808,"[1 1 1 1 1 1 1 0 1 1 0 1 0 0 0 0 1 1 0 1 1 1 1 0 0 0 1 0 0 1 1 0 1 1 0 1 1
 0 0 1]"
22,0.9546966718680808,"[1 1 1 1 1 1 1 0 1 1 0 1 0 0 0 0 1 1 0 1 1 1 1 0 0 0 1 0 0 1 1 0 1 1 0 1 1
 0 0 1]"
22,0.9546966718680808,"[1 1 1 1 1 1 1 0 1 1 0 1 0 0 0 0 1 1 0 1 1 1 1 0 0 0 1 0 0 1 1 0 1 1 0 1 1
 0 0 1]"
22,0.9546966718680808,"[1 1 1 1 1 1 1 0 1 1 0 1 0 0 0 0 1 1 0 1 1 1 1 0 0 0 1 0 0 1 1 0 1 1 0 1 1
 0 0 1]"
22,0.9546966718680808,"[1 1 1 1 1 1 1 0 1 1 0 1 0 0 0 0 1 1 0 1 1 1 1 0 0 0 1 0 0 1 1 0 1 1 0 1 1
 0 0 1]"
22,0.9546966718680808,"[1 1 1 1 1 1 1 0 1 1 0 1 0 0 0 0 1 1 0 1 1 1 1 0 0 0 1 0 0 1 1 0 1 1 0 1 1
 0 0 1]"
22,0.9546966718680808,"[1 1 1 1 1 1 1 0 1 1 0 1 0 0 0 0 1 1 0 1 1 1 1 0 0 0 1 0 0 1 1 0 1 1 0 1 1
 0 0 1]"
22,0.9546966718680808,"[1 1 1 1 1 1 1 0 1 1 0 1 0 0 0 0 1 1 0 1 1 1 1 0 0 0 1 0 0 1 1 0 1 1 0 1 1
 0 0 1]"
22,0.9546966718680808,"[1 1 1 1 1 1 1 0 1 1 0 1 0 0 0 0 1 1 0 1 1 1 1 0 0 0 1 0 0 1 1 0 1 1 0 1 1
 0 0 1]"
22,0.9546966718680808,"[1 1 1 1 1 1 1 0 1 1 0 1 0 0 0 0 1 1 0 1 1 1 1 0 0 0 1 0 0 1 1 0 1 1 0 1 1
 0 0 1]"
22,0.9546966718680808,"[1 1 1 1 1 1 1 0 1 1 0 1 0 0 0 0 1 1 0 1 1 1 1 0 0 0 1 0 0 1 1 0 1 1 0 1 1
 0 0 1]"
22,0.9546966718680808,"[1 1 1 1 1 1 1 0 1 1 0 1 0 0 0 0 1 1 0 1 1 1 1 0 0 0 1 0 0 1 1 0 1 1 0 1 1
 0 0 1]"
22,0.9546966718680808,"[1 1 1 1 1 1 1 0 1 1 0 1 0 0 0 0 1 1 0 1 1 1 1 0 0 0 1 0 0 1 1 0 1 1 0 1 1
 0 0 1]"
22,0.9546966718680808,"[1 1 1 1 1 1 1 0 1 1 0 1 0 0 0 0 1 1 0 1 1 1 1 0 0 0 1 0 0 1 1 0 1 1 0 1 1
 0 0 1]"
22,0.9546966718680808,"[1 1 1 1 1 1 1 0 1 1 0 1 0 0 0 0 1 1 0 1 1 1 1 0 0 0 1 0 0 1 1 0 1 1 0 1 1
 0 0 1]"
22,0.9546966718680808,"[1 1 1 1 1 1 1 0 1 1 0 1 0 0 0 0 1 1 0 1 1 1 1 0 0 0 1 0 0 1 1 0 1 1 0 1 1
 0 0 1]"
22,0.9546966718680808,"[1 1 1 1 1 1 1 0 1 1 0 1 0 0 0 0 1 1 0 1 1 1 1 0 0 0 1 0 0 1 1 0 1 1 0 1 1
 0 0 1]"
22,0.9546966718680808,"[1 1 1 1 1 1 1 0 1 1 0 1 0 0 0 0 1 1 0 1 1 1 1 0 0 0 1 0 0 1 1 0 1 1 0 1 1
 0 0 1]"
22,0.9546966718680808,"[1 1 1 1 1 1 1 0 1 1 0 1 0 0 0 0 1 1 0 1 1 1 1 0 0 0 1 0 0 1 1 0 1 1 0 1 1
 0 0 1]"
22,0.9546966718680808,"[1 1 1 1 1 1 1 0 1 1 0 1 0 0 0 0 1 1 0 1 1 1 1 0 0 0 1 0 0 1 1 0 1 1 0 1 1
 0 0 1]"
22,0.9546966718680808,"[1 1 1 1 1 1 1 0 1 1 0 1 0 0 0 0 1 1 0 1 1 1 1 0 0 0 1 0 0 1 1 0 1 1 0 1 1
 0 0 1]"
22,0.9546966718680808,"[1 1 1 1 1 1 1 0 1 1 0 1 0 0 0 0 1 1 0 1 1 1 1 0 0 0 1 0 0 1 1 0 1 1 0 1 1
 0 0 1]"
22,0.9546966718680808,"[1 1 1 1 1 1 1 0 1 1 0 1 0 0 0 0 1 1 0 1 1 1 1 0 0 0 1 0 0 1 1 0 1 1 0 1 1
 0 0 1]"
22,0.9546966718680808,"[1 1 1 1 1 1 1 0 1 1 0 1 0 0 0 0 1 1 0 1 1 1 1 0 0 0 1 0 0 1 1 0 1 1 0 1 1
 0 0 1]"
22,0.9546966718680808,"[1 1 1 1 1 1 1 0 1 1 0 1 0 0 0 0 1 1 0 1 1 1 1 0 0 0 1 0 0 1 1 0 1 1 0 1 1
 0 0 1]"
22,0.9546966718680808,"[1 1 1 1 1 1 1 0 1 1 0 1 0 0 0 0 1 1 0 1 1 1 1 0 0 0 1 0 0 1 1 0 1 1 0 1 1
 0 0 1]"
22,0.9546966718680808,"[1 1 1 1 1 1 1 0 1 1 0 1 0 0 0 0 1 1 0 1 1 1 1 0 0 0 1 0 0 1 1 0 1 1 0 1 1
 0 0 1]"
22,0.9546966718680808,"[1 1 1 1 1 1 1 0 1 1 0 1 0 0 0 0 1 1 0 1 1 1 1 0 0 0 1 0 0 1 1 0 1 1 0 1 1
 0 0 1]"
22,0.9546966718680808,"[1 1 1 1 1 1 1 0 1 1 0 1 0 0 0 0 1 1 0 1 1 1 1 0 0 0 1 0 0 1 1 0 1 1 0 1 1
 0 0 1]"
22,0.9546966718680808,"[1 1 1 1 1 1 1 0 1 1 0 1 0 0 0 0 1 1 0 1 1 1 1 0 0 0 1 0 0 1 1 0 1 1 0 1 1
 0 0 1]"
22,0.9546966718680808,"[1 1 1 1 1 1 1 0 1 1 0 1 0 0 0 0 1 1 0 1 1 1 1 0 0 0 1 0 0 1 1 0 1 1 0 1 1
 0 0 1]"
22,0.9546966718680808,"[1 1 1 1 1 1 1 0 1 1 0 1 0 0 0 0 1 1 0 1 1 1 1 0 0 0 1 0 0 1 1 0 1 1 0 1 1
 0 0 1]"
22,0.9546966718680808,"[1 1 1 1 1 1 1 0 1 1 0 1 0 0 0 0 1 1 0 1 1 1 1 0 0 0 1 0 0 1 1 0 1 1 0 1 1
 0 0 1]"
22,0.9546966718680808,"[1 1 1 1 1 1 1 0 1 1 0 1 0 0 0 0 1 1 0 1 1 1 1 0 0 0 1 0 0 1 1 0 1 1 0 1 1
 0 0 1]"
step,fitness,genome
23,0.9546966718680808,"[1 1 1 1 1 1 1 0 1 1 0 1 0 0 0 0 1 1 0 1 1 1 1 0 0 0 1 0 0 1 1 0 1 1 0 1 1
 0 0 1]"
23,0.9546966718680808,"[1 1 1 1 1 1 1 0 1 1 0 1 0 0 0 0 1 1 0 1 1 1 1 0 0 0 1 0 0 1 1 0 1 1 0 1 1
 0 0 1]"
23,0.9546966718680808,"[1 1 1 1 1 1 1 0 1 1 0 1 0 0 0 0 1 1 0 1 1 1 1 0 0 0 1 0 0 1 1 0 1 1 0 1 1
 0 0 1]"
23,0.9546966718680808,"[1 1 1 1 1 1 1 0 1 1 0 1 0 0 0 0 1 1 0 1 1 1 1 0 0 0 1 0 0 1 1 0 1 1 0 1 1
 0 0 1]"
23,0.9546966718680808,"[1 1 1 1 1 1 1 0 1 1 0 1 0 0 0 0 1 1 0 1 1 1 1 0 0 0 1 0 0 1 1 0 1 1 0 1 1
 0 0 1]"
23,0.9546966718680808,"[1 1 1 1 1 1 1 0 1 1 0 1 0 0 0 0 1 1 0 1 1 1 1 0 0 0 1 0 0 1 1 0 1 1 0 1 1
 0 0 1]"
23,0.9546966718680808,"[1 1 1 1 1 1 1 0 1 1 0 1 0 0 0 0 1 1 0 1 1 1 1 0 0 0 1 0 0 1 1 0 1 1 0 1 1
 0 0 1]"
23,0.9546966718680808,"[1 1 1 1 1 1 1 0 1 1 0 1 0 0 0 0 1 1 0 1 1 1 1 0 0 0 1 0 0 1 1 0 1 1 0 1 1
 0 0 1]"
23,0.9546966718680808,"[1 1 1 1 1 1 1 0 1 1 0 1 0 0 0 0 1 1 0 1 1 1 1 0 0 0 1 0 0 1 1 0 1 1 0 1 1
 0 0 1]"
23,0.9546966718680808,"[1 1 1 1 1 1 1 0 1 1 0 1 0 0 0 0 1 1 0 1 1 1 1 0 0 0 1 0 0 1 1 0 1 1 0 1 1
 0 0 1]"
23,0.9546966718680808,"[1 1 1 1 1 1 1 0 1 1 0 1 0 0 0 0 1 1 0 1 1 1 1 0 0 0 1 0 0 1 1 0 1 1 0 1 1
 0 0 1]"
23,0.9546966718680808,"[1 1 1 1 1 1 1 0 1 1 0 1 0 0 0 0 1 1 0 1 1 1 1 0 0 0 1 0 0 1 1 0 1 1 0 1 1
 0 0 1]"
23,0.9546966718680808,"[1 1 1 1 1 1 1 0 1 1 0 1 0 0 0 0 1 1 0 1 1 1 1 0 0 0 1 0 0 1 1 0 1 1 0 1 1
 0 0 1]"
23,0.9546966718680808,"[1 1 1 1 1 1 1 0 1 1 0 1 0 0 0 0 1 1 0 1 1 1 1 0 0 0 1 0 0 1 1 0 1 1 0 1 1
 0 0 1]"
23,0.9546966718680808,"[1 1 1 1 1 1 1 0 1 1 0 1 0 0 0 0 1 1 0 1 1 1 1 0 0 0 1 0 0 1 1 0 1 1 0 1 1
 0 0 1]"
23,0.9546966718680808,"[1 1 1 1 1 1 1 0 1 1 0 1 0 0 0 0 1 1 0 1 1 1 1 0 0 0 1 0 0 1 1 0 1 1 0 1 1
 0 0 1]"
23,0.9546966718680808,"[1 1 1 1 1 1 1 0 1 1 0 1 0 0 0 0 1 1 0 1 1 1 1 0 0 0 1 0 0 1 1 0 1 1 0 1 1
 0 0 1]"
23,0.9546966718680808,"[1 1 1 1 1 1 1 0 1 1 0 1 0 0 0 0 1 1 0 1 1 1 1 0 0 0 1 0 0 1 1 0 1 1 0 1 1
 0 0 1]"
23,0.9546966718680808,"[1 1 1 1 1 1 1 0 1 1 0 1 0 0 0 0 1 1 0 1 1 1 1 0 0 0 1 0 0 1 1 0 1 1 0 1 1
 0 0 1]"
23,0.9546966718680808,"[1 1 1 1 1 1 1 0 1 1 0 1 0 0 0 0 1 1 0 1 1 1 1 0 0 0 1 0 0 1 1 0 1 1 0 1 1
 0 0 1]"
23,0.9546966718680808,"[1 1 1 1 1 1 1 0 1 1 0 1 0 0 0 0 1 1 0 1 1 1 1 0 0 0 1 0 0 1 1 0 1 1 0 1 1
 0 0 1]"
23,0.9546966718680808,"[1 1 1 1 1 1 1 0 1 1 0 1 0 0 0 0 1 1 0 1 1 1 1 0 0 0 1 0 0 1 1 0 1 1 0 1 1
 0 0 1]"
23,0.9546966718680808,"[1 1 1 1 1 1 1 0 1 1 0 1 0 0 0 0 1 1 0 1 1 1 1 0 0 0 1 0 0 1 1 0 1 1 0 1 1
 0 0 1]"
23,0.9546966718680808,"[1 1 1 1 1 1 1 0 1 1 0 1 0 0 0 0 1 1 0 1 1 1 1 0 0 0 1 0 0 1 1 0 1 1 0 1 1
 0 0 1]"
23,0.9546966718680808,"[1 1 1 1 1 1 1 0 1 1 0 1 0 0 0 0 1 1 0 1 1 1 1 0 0 0 1 0 0 1 1 0 1 1 0 1 1
 0 0 1]"
23,0.9546966718680808,"[1 1 1 1 1 1 1 0 1 1 0 1 0 0 0 0 1 1 0 1 1 1 1 0 0 0 1 0 0 1 1 0 1 1 0 1 1
 0 0 1]"
23,0.9546966718680808,"[1 1 1 1 1 1 1 0 1 1 0 1 0 0 0 0 1 1 0 1 1 1 1 0 0 0 1 0 0 1 1 0 1 1 0 1 1
 0 0 1]"
23,0.9546966718680808,"[1 1 1 1 1 1 1 0 1 1 0 1 0 0 0 0 1 1 0 1 1 1 1 0 0 0 1 0 0 1 1 0 1 1 0 1 1
 0 0 1]"
23,0.9546966718680808,"[1 1 1 1 1 1 1 0 1 1 0 1 0 0 0 0 1 1 0 1 1 1 1 0 0 0 1 0 0 1 1 0 1 1 0 1 1
 0 0 1]"
23,0.9546966718680808,"[1 1 1 1 1 1 1 0 1 1 0 1 0 0 0 0 1 1 0 1 1 1 1 0 0 0 1 0 0 1 1 0 1 1 0 1 1
 0 0 1]"
23,0.9546966718680808,"[1 1 1 1 1 1 1 0 1 1 0 1 0 0 0 0 1 1 0 1 1 1 1 0 0 0 1 0 0 1 1 0 1 1 0 1 1
 0 0 1]"
23,0.9546966718680808,"[1 1 1 1 1 1 1 0 1 1 0 1 0 0 0 0 1 1 0 1 1 1 1 0 0 0 1 0 0 1 1 0 1 1 0 1 1
 0 0 1]"
23,0.9546966718680808,"[1 1 1 1 1 1 1 0 1 1 0 1 0 0 0 0 1 1 0 1 1 1 1 0 0 0 1 0 0 1 1 0 1 1 0 1 1
 0 0 1]"
23,0.9546966718680808,"[1 1 1 1 1 1 1 0 1 1 0 1 0 0 0 0 1 1 0 1 1 1 1 0 0 0 1 0 0 1 1 0 1 1 0 1 1
 0 0 1]"
23,0.9546966718680808,"[1 1 1 1 1 1 1 0 1 1 0 1 0 0 0 0 1 1 0 1 1 1 1 0 0 0 1 0 0 1 1 0 1 1 0 1 1
 0 0 1]"
23,0.9546966718680808,"[1 1 1 1 1 1 1 0 1 1 0 1 0 0 0 0 1 1 0 1 1 1 1 0 0 0 1 0 0 1 1 0 1 1 0 1 1
 0 0 1]"
23,0.9546966718680808,"[1 1 1 1 1 1 1 0 1 1 0 1 0 0 0 0 1 1 0 1 1 1 1 0 0 0 1 0 0 1 1 0 1 1 0 1 1
 0 0 1]"
23,0.9546966718680808,"[1 1 1 1 1 1 1 0 1 1 0 1 0 0 0 0 1 1 0 1 1 1 1 0 0 0 1 0 0 1 1 0 1 1 0 1 1
 0 0 1]"
23,0.9546966718680808,"[1 1 1 1 1 1 1 0 1 1 0 1 0 0 0 0 1 1 0 1 1 1 1 0 0 0 1 0 0 1 1 0 1 1 0 1 1
 0 0 1]"
23,0.9546966718680808,"[1 1 1 1 1 1 1 0 1 1 0 1 0 0 0 0 1 1 0 1 1 1 1 0 0 0 1 0 0 1 1 0 1 1 0 1 1
 0 0 1]"
23,0.9546966718680808,"[1 1 1 1 1 1 1 0 1 1 0 1 0 0 0 0 1 1 0 1 1 1 1 0 0 0 1 0 0 1 1 0 1 1 0 1 1
 0 0 1]"
23,0.9546966718680808,"[1 1 1 1 1 1 1 0 1 1 0 1 0 0 0 0 1 1 0 1 1 1 1 0 0 0 1 0 0 1 1 0 1 1 0 1 1
 0 0 1]"
23,0.9546966718680808,"[1 1 1 1 1 1 1 0 1 1 0 1 0 0 0 0 1 1 0 1 1 1 1 0 0 0 1 0 0 1 1 0 1 1 0 1 1
 0 0 1]"
23,0.9546966718680808,"[1 1 1 1 1 1 1 0 1 1 0 1 0 0 0 0 1 1 0 1 1 1 1 0 0 0 1 0 0 1 1 0 1 1 0 1 1
 0 0 1]"
23,0.9546966718680808,"[1 1 1 1 1 1 1 0 1 1 0 1 0 0 0 0 1 1 0 1 1 1 1 0 0 0 1 0 0 1 1 0 1 1 0 1 1
 0 0 1]"
23,0.9546966718680808,"[1 1 1 1 1 1 1 0 1 1 0 1 0 0 0 0 1 1 0 1 1 1 1 0 0 0 1 0 0 1 1 0 1 1 0 1 1
 0 0 1]"
23,0.9546966718680808,"[1 1 1 1 1 1 1 0 1 1 0 1 0 0 0 0 1 1 0 1 1 1 1 0 0 0 1 0 0 1 1 0 1 1 0 1 1
 0 0 1]"
23,0.9546966718680808,"[1 1 1 1 1 1 1 0 1 1 0 1 0 0 0 0 1 1 0 1 1 1 1 0 0 0 1 0 0 1 1 0 1 1 0 1 1
 0 0 1]"
23,0.9546966718680808,"[1 1 1 1 1 1 1 0 1 1 0 1 0 0 0 0 1 1 0 1 1 1 1 0 0 0 1 0 0 1 1 0 1 1 0 1 1
 0 0 1]"
23,0.9546966718680808,"[1 1 1 1 1 1 1 0 1 1 0 1 0 0 0 0 1 1 0 1 1 1 1 0 0 0 1 0 0 1 1 0 1 1 0 1 1
 0 0 1]"
23,0.9546966718680808,"[1 1 1 1 1 1 1 0 1 1 0 1 0 0 0 0 1 1 0 1 1 1 1 0 0 0 1 0 0 1 1 0 1 1 0 1 1
 0 0 1]"
23,0.9546966718680808,"[1 1 1 1 1 1 1 0 1 1 0 1 0 0 0 0 1 1 0 1 1 1 1 0 0 0 1 0 0 1 1 0 1 1 0 1 1
 0 0 1]"
23,0.9546966718680808,"[1 1 1 1 1 1 1 0 1 1 0 1 0 0 0 0 1 1 0 1 1 1 1 0 0 0 1 0 0 1 1 0 1 1 0 1 1
 0 0 1]"
23,0.9546966718680808,"[1 1 1 1 1 1 1 0 1 1 0 1 0 0 0 0 1 1 0 1 1 1 1 0 0 0 1 0 0 1 1 0 1 1 0 1 1
 0 0 1]"
23,0.9546966718680808,"[1 1 1 1 1 1 1 0 1 1 0 1 0 0 0 0 1 1 0 1 1 1 1 0 0 0 1 0 0 1 1 0 1 1 0 1 1
 0 0 1]"
23,0.9546966718680808,"[1 1 1 1 1 1 1 0 1 1 0 1 0 0 0 0 1 1 0 1 1 1 1 0 0 0 1 0 0 1 1 0 1 1 0 1 1
 0 0 1]"
23,0.9546966718680808,"[1 1 1 1 1 1 1 0 1 1 0 1 0 0 0 0 1 1 0 1 1 1 1 0 0 0 1 0 0 1 1 0 1 1 0 1 1
 0 0 1]"
23,0.9546966718680808,"[1 1 1 1 1 1 1 0 1 1 0 1 0 0 0 0 1 1 0 1 1 1 1 0 0 0 1 0 0 1 1 0 1 1 0 1 1
 0 0 1]"
23,0.9546966718680808,"[1 1 1 1 1 1 1 0 1 1 0 1 0 0 0 0 1 1 0 1 1 1 1 0 0 0 1 0 0 1 1 0 1 1 0 1 1
 0 0 1]"
23,0.9546966718680808,"[1 1 1 1 1 1 1 0 1 1 0 1 0 0 0 0 1 1 0 1 1 1 1 0 0 0 1 0 0 1 1 0 1 1 0 1 1
 0 0 1]"
23,0.9546966718680808,"[1 1 1 1 1 1 1 0 1 1 0 1 0 0 0 0 1 1 0 1 1 1 1 0 0 0 1 0 0 1 1 0 1 1 0 1 1
 0 0 1]"
23,0.9546966718680808,"[1 1 1 1 1 1 1 0 1 1 0 1 0 0 0 0 1 1 0 1 1 1 1 0 0 0 1 0 0 1 1 0 1 1 0 1 1
 0 0 1]"
23,0.9546966718680808,"[1 1 1 1 1 1 1 0 1 1 0 1 0 0 0 0 1 1 0 1 1 1 1 0 0 0 1 0 0 1 1 0 1 1 0 1 1
 0 0 1]"
23,0.9546966718680808,"[1 1 1 1 1 1 1 0 1 1 0 1 0 0 0 0 1 1 0 1 1 1 1 0 0 0 1 0 0 1 1 0 1 1 0 1 1
 0 0 1]"
23,0.9546966718680808,"[1 1 1 1 1 1 1 0 1 1 0 1 0 0 0 0 1 1 0 1 1 1 1 0 0 0 1 0 0 1 1 0 1 1 0 1 1
 0 0 1]"
23,0.9546966718680808,"[1 1 1 1 1 1 1 0 1 1 0 1 0 0 0 0 1 1 0 1 1 1 1 0 0 0 1 0 0 1 1 0 1 1 0 1 1
 0 0 1]"
23,0.9546966718680808,"[1 1 1 1 1 1 1 0 1 1 0 1 0 0 0 0 1 1 0 1 1 1 1 0 0 0 1 0 0 1 1 0 1 1 0 1 1
 0 0 1]"
23,0.9546966718680808,"[1 1 1 1 1 1 1 0 1 1 0 1 0 0 0 0 1 1 0 1 1 1 1 0 0 0 1 0 0 1 1 0 1 1 0 1 1
 0 0 1]"
23,0.9546966718680808,"[1 1 1 1 1 1 1 0 1 1 0 1 0 0 0 0 1 1 0 1 1 1 1 0 0 0 1 0 0 1 1 0 1 1 0 1 1
 0 0 1]"
23,0.9546966718680808,"[1 1 1 1 1 1 1 0 1 1 0 1 0 0 0 0 1 1 0 1 1 1 1 0 0 0 1 0 0 1 1 0 1 1 0 1 1
 0 0 1]"
23,0.9546966718680808,"[1 1 1 1 1 1 1 0 1 1 0 1 0 0 0 0 1 1 0 1 1 1 1 0 0 0 1 0 0 1 1 0 1 1 0 1 1
 0 0 1]"
23,0.9546966718680808,"[1 1 1 1 1 1 1 0 1 1 0 1 0 0 0 0 1 1 0 1 1 1 1 0 0 0 1 0 0 1 1 0 1 1 0 1 1
 0 0 1]"
23,0.9546966718680808,"[1 1 1 1 1 1 1 0 1 1 0 1 0 0 0 0 1 1 0 1 1 1 1 0 0 0 1 0 0 1 1 0 1 1 0 1 1
 0 0 1]"
23,0.9546966718680808,"[1 1 1 1 1 1 1 0 1 1 0 1 0 0 0 0 1 1 0 1 1 1 1 0 0 0 1 0 0 1 1 0 1 1 0 1 1
 0 0 1]"
23,0.9546966718680808,"[1 1 1 1 1 1 1 0 1 1 0 1 0 0 0 0 1 1 0 1 1 1 1 0 0 0 1 0 0 1 1 0 1 1 0 1 1
 0 0 1]"
step,fitness,genome
24,0.9546966718680808,"[1 1 1 1 1 1 1 0 1 1 0 1 0 0 0 0 1 1 0 1 1 1 1 0 0 0 1 0 0 1 1 0 1 1 0 1 1
 0 0 1]"
24,0.9546966718680808,"[1 1 1 1 1 1 1 0 1 1 0 1 0 0 0 0 1 1 0 1 1 1 1 0 0 0 1 0 0 1 1 0 1 1 0 1 1
 0 0 1]"
24,0.9546966718680808,"[1 1 1 1 1 1 1 0 1 1 0 1 0 0 0 0 1 1 0 1 1 1 1 0 0 0 1 0 0 1 1 0 1 1 0 1 1
 0 0 1]"
24,0.9546966718680808,"[1 1 1 1 1 1 1 0 1 1 0 1 0 0 0 0 1 1 0 1 1 1 1 0 0 0 1 0 0 1 1 0 1 1 0 1 1
 0 0 1]"
24,0.9546966718680808,"[1 1 1 1 1 1 1 0 1 1 0 1 0 0 0 0 1 1 0 1 1 1 1 0 0 0 1 0 0 1 1 0 1 1 0 1 1
 0 0 1]"
24,0.9546966718680808,"[1 1 1 1 1 1 1 0 1 1 0 1 0 0 0 0 1 1 0 1 1 1 1 0 0 0 1 0 0 1 1 0 1 1 0 1 1
 0 0 1]"
24,0.9546966718680808,"[1 1 1 1 1 1 1 0 1 1 0 1 0 0 0 0 1 1 0 1 1 1 1 0 0 0 1 0 0 1 1 0 1 1 0 1 1
 0 0 1]"
24,0.9546966718680808,"[1 1 1 1 1 1 1 0 1 1 0 1 0 0 0 0 1 1 0 1 1 1 1 0 0 0 1 0 0 1 1 0 1 1 0 1 1
 0 0 1]"
24,0.9546966718680808,"[1 1 1 1 1 1 1 0 1 1 0 1 0 0 0 0 1 1 0 1 1 1 1 0 0 0 1 0 0 1 1 0 1 1 0 1 1
 0 0 1]"
24,0.9546966718680808,"[1 1 1 1 1 1 1 0 1 1 0 1 0 0 0 0 1 1 0 1 1 1 1 0 0 0 1 0 0 1 1 0 1 1 0 1 1
 0 0 1]"
24,0.9546966718680808,"[1 1 1 1 1 1 1 0 1 1 0 1 0 0 0 0 1 1 0 1 1 1 1 0 0 0 1 0 0 1 1 0 1 1 0 1 1
 0 0 1]"
24,0.9546966718680808,"[1 1 1 1 1 1 1 0 1 1 0 1 0 0 0 0 1 1 0 1 1 1 1 0 0 0 1 0 0 1 1 0 1 1 0 1 1
 0 0 1]"
24,0.9546966718680808,"[1 1 1 1 1 1 1 0 1 1 0 1 0 0 0 0 1 1 0 1 1 1 1 0 0 0 1 0 0 1 1 0 1 1 0 1 1
 0 0 1]"
24,0.9546966718680808,"[1 1 1 1 1 1 1 0 1 1 0 1 0 0 0 0 1 1 0 1 1 1 1 0 0 0 1 0 0 1 1 0 1 1 0 1 1
 0 0 1]"
24,0.9546966718680808,"[1 1 1 1 1 1 1 0 1 1 0 1 0 0 0 0 1 1 0 1 1 1 1 0 0 0 1 0 0 1 1 0 1 1 0 1 1
 0 0 1]"
24,0.9546966718680808,"[1 1 1 1 1 1 1 0 1 1 0 1 0 0 0 0 1 1 0 1 1 1 1 0 0 0 1 0 0 1 1 0 1 1 0 1 1
 0 0 1]"
24,0.9546966718680808,"[1 1 1 1 1 1 1 0 1 1 0 1 0 0 0 0 1 1 0 1 1 1 1 0 0 0 1 0 0 1 1 0 1 1 0 1 1
 0 0 1]"
24,0.9546966718680808,"[1 1 1 1 1 1 1 0 1 1 0 1 0 0 0 0 1 1 0 1 1 1 1 0 0 0 1 0 0 1 1 0 1 1 0 1 1
 0 0 1]"
24,0.9546966718680808,"[1 1 1 1 1 1 1 0 1 1 0 1 0 0 0 0 1 1 0 1 1 1 1 0 0 0 1 0 0 1 1 0 1 1 0 1 1
 0 0 1]"
24,0.9546966718680808,"[1 1 1 1 1 1 1 0 1 1 0 1 0 0 0 0 1 1 0 1 1 1 1 0 0 0 1 0 0 1 1 0 1 1 0 1 1
 0 0 1]"
24,0.9546966718680808,"[1 1 1 1 1 1 1 0 1 1 0 1 0 0 0 0 1 1 0 1 1 1 1 0 0 0 1 0 0 1 1 0 1 1 0 1 1
 0 0 1]"
24,0.9546966718680808,"[1 1 1 1 1 1 1 0 1 1 0 1 0 0 0 0 1 1 0 1 1 1 1 0 0 0 1 0 0 1 1 0 1 1 0 1 1
 0 0 1]"
24,0.9546966718680808,"[1 1 1 1 1 1 1 0 1 1 0 1 0 0 0 0 1 1 0 1 1 1 1 0 0 0 1 0 0 1 1 0 1 1 0 1 1
 0 0 1]"
24,0.9546966718680808,"[1 1 1 1 1 1 1 0 1 1 0 1 0 0 0 0 1 1 0 1 1 1 1 0 0 0 1 0 0 1 1 0 1 1 0 1 1
 0 0 1]"
24,0.9546966718680808,"[1 1 1 1 1 1 1 0 1 1 0 1 0 0 0 0 1 1 0 1 1 1 1 0 0 0 1 0 0 1 1 0 1 1 0 1 1
 0 0 1]"
24,0.9546966718680808,"[1 1 1 1 1 1 1 0 1 1 0 1 0 0 0 0 1 1 0 1 1 1 1 0 0 0 1 0 0 1 1 0 1 1 0 1 1
 0 0 1]"
24,0.9546966718680808,"[1 1 1 1 1 1 1 0 1 1 0 1 0 0 0 0 1 1 0 1 1 1 1 0 0 0 1 0 0 1 1 0 1 1 0 1 1
 0 0 1]"
24,0.9546966718680808,"[1 1 1 1 1 1 1 0 1 1 0 1 0 0 0 0 1 1 0 1 1 1 1 0 0 0 1 0 0 1 1 0 1 1 0 1 1
 0 0 1]"
24,0.9546966718680808,"[1 1 1 1 1 1 1 0 1 1 0 1 0 0 0 0 1 1 0 1 1 1 1 0 0 0 1 0 0 1 1 0 1 1 0 1 1
 0 0 1]"
24,0.9546966718680808,"[1 1 1 1 1 1 1 0 1 1 0 1 0 0 0 0 1 1 0 1 1 1 1 0 0 0 1 0 0 1 1 0 1 1 0 1 1
 0 0 1]"
24,0.9546966718680808,"[1 1 1 1 1 1 1 0 1 1 0 1 0 0 0 0 1 1 0 1 1 1 1 0 0 0 1 0 0 1 1 0 1 1 0 1 1
 0 0 1]"
24,0.9546966718680808,"[1 1 1 1 1 1 1 0 1 1 0 1 0 0 0 0 1 1 0 1 1 1 1 0 0 0 1 0 0 1 1 0 1 1 0 1 1
 0 0 1]"
24,0.9546966718680808,"[1 1 1 1 1 1 1 0 1 1 0 1 0 0 0 0 1 1 0 1 1 1 1 0 0 0 1 0 0 1 1 0 1 1 0 1 1
 0 0 1]"
24,0.9546966718680808,"[1 1 1 1 1 1 1 0 1 1 0 1 0 0 0 0 1 1 0 1 1 1 1 0 0 0 1 0 0 1 1 0 1 1 0 1 1
 0 0 1]"
24,0.9546966718680808,"[1 1 1 1 1 1 1 0 1 1 0 1 0 0 0 0 1 1 0 1 1 1 1 0 0 0 1 0 0 1 1 0 1 1 0 1 1
 0 0 1]"
24,0.9546966718680808,"[1 1 1 1 1 1 1 0 1 1 0 1 0 0 0 0 1 1 0 1 1 1 1 0 0 0 1 0 0 1 1 0 1 1 0 1 1
 0 0 1]"
24,0.9546966718680808,"[1 1 1 1 1 1 1 0 1 1 0 1 0 0 0 0 1 1 0 1 1 1 1 0 0 0 1 0 0 1 1 0 1 1 0 1 1
 0 0 1]"
24,0.9546966718680808,"[1 1 1 1 1 1 1 0 1 1 0 1 0 0 0 0 1 1 0 1 1 1 1 0 0 0 1 0 0 1 1 0 1 1 0 1 1
 0 0 1]"
24,0.9546966718680808,"[1 1 1 1 1 1 1 0 1 1 0 1 0 0 0 0 1 1 0 1 1 1 1 0 0 0 1 0 0 1 1 0 1 1 0 1 1
 0 0 1]"
24,0.9546966718680808,"[1 1 1 1 1 1 1 0 1 1 0 1 0 0 0 0 1 1 0 1 1 1 1 0 0 0 1 0 0 1 1 0 1 1 0 1 1
 0 0 1]"
24,0.9546966718680808,"[1 1 1 1 1 1 1 0 1 1 0 1 0 0 0 0 1 1 0 1 1 1 1 0 0 0 1 0 0 1 1 0 1 1 0 1 1
 0 0 1]"
24,0.9546966718680808,"[1 1 1 1 1 1 1 0 1 1 0 1 0 0 0 0 1 1 0 1 1 1 1 0 0 0 1 0 0 1 1 0 1 1 0 1 1
 0 0 1]"
24,0.9546966718680808,"[1 1 1 1 1 1 1 0 1 1 0 1 0 0 0 0 1 1 0 1 1 1 1 0 0 0 1 0 0 1 1 0 1 1 0 1 1
 0 0 1]"
24,0.9546966718680808,"[1 1 1 1 1 1 1 0 1 1 0 1 0 0 0 0 1 1 0 1 1 1 1 0 0 0 1 0 0 1 1 0 1 1 0 1 1
 0 0 1]"
24,0.9546966718680808,"[1 1 1 1 1 1 1 0 1 1 0 1 0 0 0 0 1 1 0 1 1 1 1 0 0 0 1 0 0 1 1 0 1 1 0 1 1
 0 0 1]"
24,0.9546966718680808,"[1 1 1 1 1 1 1 0 1 1 0 1 0 0 0 0 1 1 0 1 1 1 1 0 0 0 1 0 0 1 1 0 1 1 0 1 1
 0 0 1]"
24,0.9546966718680808,"[1 1 1 1 1 1 1 0 1 1 0 1 0 0 0 0 1 1 0 1 1 1 1 0 0 0 1 0 0 1 1 0 1 1 0 1 1
 0 0 1]"
24,0.9546966718680808,"[1 1 1 1 1 1 1 0 1 1 0 1 0 0 0 0 1 1 0 1 1 1 1 0 0 0 1 0 0 1 1 0 1 1 0 1 1
 0 0 1]"
24,0.9546966718680808,"[1 1 1 1 1 1 1 0 1 1 0 1 0 0 0 0 1 1 0 1 1 1 1 0 0 0 1 0 0 1 1 0 1 1 0 1 1
 0 0 1]"
24,0.9546966718680808,"[1 1 1 1 1 1 1 0 1 1 0 1 0 0 0 0 1 1 0 1 1 1 1 0 0 0 1 0 0 1 1 0 1 1 0 1 1
 0 0 1]"
24,0.9546966718680808,"[1 1 1 1 1 1 1 0 1 1 0 1 0 0 0 0 1 1 0 1 1 1 1 0 0 0 1 0 0 1 1 0 1 1 0 1 1
 0 0 1]"
24,0.9546966718680808,"[1 1 1 1 1 1 1 0 1 1 0 1 0 0 0 0 1 1 0 1 1 1 1 0 0 0 1 0 0 1 1 0 1 1 0 1 1
 0 0 1]"
24,0.9546966718680808,"[1 1 1 1 1 1 1 0 1 1 0 1 0 0 0 0 1 1 0 1 1 1 1 0 0 0 1 0 0 1 1 0 1 1 0 1 1
 0 0 1]"
24,0.9546966718680808,"[1 1 1 1 1 1 1 0 1 1 0 1 0 0 0 0 1 1 0 1 1 1 1 0 0 0 1 0 0 1 1 0 1 1 0 1 1
 0 0 1]"
24,0.9546966718680808,"[1 1 1 1 1 1 1 0 1 1 0 1 0 0 0 0 1 1 0 1 1 1 1 0 0 0 1 0 0 1 1 0 1 1 0 1 1
 0 0 1]"
24,0.9546966718680808,"[1 1 1 1 1 1 1 0 1 1 0 1 0 0 0 0 1 1 0 1 1 1 1 0 0 0 1 0 0 1 1 0 1 1 0 1 1
 0 0 1]"
24,0.9546966718680808,"[1 1 1 1 1 1 1 0 1 1 0 1 0 0 0 0 1 1 0 1 1 1 1 0 0 0 1 0 0 1 1 0 1 1 0 1 1
 0 0 1]"
24,0.9546966718680808,"[1 1 1 1 1 1 1 0 1 1 0 1 0 0 0 0 1 1 0 1 1 1 1 0 0 0 1 0 0 1 1 0 1 1 0 1 1
 0 0 1]"
24,0.9546966718680808,"[1 1 1 1 1 1 1 0 1 1 0 1 0 0 0 0 1 1 0 1 1 1 1 0 0 0 1 0 0 1 1 0 1 1 0 1 1
 0 0 1]"
24,0.9546966718680808,"[1 1 1 1 1 1 1 0 1 1 0 1 0 0 0 0 1 1 0 1 1 1 1 0 0 0 1 0 0 1 1 0 1 1 0 1 1
 0 0 1]"
24,0.9546966718680808,"[1 1 1 1 1 1 1 0 1 1 0 1 0 0 0 0 1 1 0 1 1 1 1 0 0 0 1 0 0 1 1 0 1 1 0 1 1
 0 0 1]"
24,0.9546966718680808,"[1 1 1 1 1 1 1 0 1 1 0 1 0 0 0 0 1 1 0 1 1 1 1 0 0 0 1 0 0 1 1 0 1 1 0 1 1
 0 0 1]"
24,0.9546966718680808,"[1 1 1 1 1 1 1 0 1 1 0 1 0 0 0 0 1 1 0 1 1 1 1 0 0 0 1 0 0 1 1 0 1 1 0 1 1
 0 0 1]"
24,0.9546966718680808,"[1 1 1 1 1 1 1 0 1 1 0 1 0 0 0 0 1 1 0 1 1 1 1 0 0 0 1 0 0 1 1 0 1 1 0 1 1
 0 0 1]"
24,0.9546966718680808,"[1 1 1 1 1 1 1 0 1 1 0 1 0 0 0 0 1 1 0 1 1 1 1 0 0 0 1 0 0 1 1 0 1 1 0 1 1
 0 0 1]"
24,0.9546966718680808,"[1 1 1 1 1 1 1 0 1 1 0 1 0 0 0 0 1 1 0 1 1 1 1 0 0 0 1 0 0 1 1 0 1 1 0 1 1
 0 0 1]"
24,0.9546966718680808,"[1 1 1 1 1 1 1 0 1 1 0 1 0 0 0 0 1 1 0 1 1 1 1 0 0 0 1 0 0 1 1 0 1 1 0 1 1
 0 0 1]"
24,0.9546966718680808,"[1 1 1 1 1 1 1 0 1 1 0 1 0 0 0 0 1 1 0 1 1 1 1 0 0 0 1 0 0 1 1 0 1 1 0 1 1
 0 0 1]"
24,0.9546966718680808,"[1 1 1 1 1 1 1 0 1 1 0 1 0 0 0 0 1 1 0 1 1 1 1 0 0 0 1 0 0 1 1 0 1 1 0 1 1
 0 0 1]"
24,0.9546966718680808,"[1 1 1 1 1 1 1 0 1 1 0 1 0 0 0 0 1 1 0 1 1 1 1 0 0 0 1 0 0 1 1 0 1 1 0 1 1
 0 0 1]"
24,0.9546966718680808,"[1 1 1 1 1 1 1 0 1 1 0 1 0 0 0 0 1 1 0 1 1 1 1 0 0 0 1 0 0 1 1 0 1 1 0 1 1
 0 0 1]"
24,0.9546966718680808,"[1 1 1 1 1 1 1 0 1 1 0 1 0 0 0 0 1 1 0 1 1 1 1 0 0 0 1 0 0 1 1 0 1 1 0 1 1
 0 0 1]"
24,0.9546966718680808,"[1 1 1 1 1 1 1 0 1 1 0 1 0 0 0 0 1 1 0 1 1 1 1 0 0 0 1 0 0 1 1 0 1 1 0 1 1
 0 0 1]"
24,0.9546966718680808,"[1 1 1 1 1 1 1 0 1 1 0 1 0 0 0 0 1 1 0 1 1 1 1 0 0 0 1 0 0 1 1 0 1 1 0 1 1
 0 0 1]"
24,0.9546966718680808,"[1 1 1 1 1 1 1 0 1 1 0 1 0 0 0 0 1 1 0 1 1 1 1 0 0 0 1 0 0 1 1 0 1 1 0 1 1
 0 0 1]"
step,fitness,genome
25,0.9546966718680808,"[1 1 1 1 1 1 1 0 1 1 0 1 0 0 0 0 1 1 0 1 1 1 1 0 0 0 1 0 0 1 1 0 1 1 0 1 1
 0 0 1]"
25,0.9546966718680808,"[1 1 1 1 1 1 1 0 1 1 0 1 0 0 0 0 1 1 0 1 1 1 1 0 0 0 1 0 0 1 1 0 1 1 0 1 1
 0 0 1]"
25,0.9546966718680808,"[1 1 1 1 1 1 1 0 1 1 0 1 0 0 0 0 1 1 0 1 1 1 1 0 0 0 1 0 0 1 1 0 1 1 0 1 1
 0 0 1]"
25,0.9546966718680808,"[1 1 1 1 1 1 1 0 1 1 0 1 0 0 0 0 1 1 0 1 1 1 1 0 0 0 1 0 0 1 1 0 1 1 0 1 1
 0 0 1]"
25,0.9546966718680808,"[1 1 1 1 1 1 1 0 1 1 0 1 0 0 0 0 1 1 0 1 1 1 1 0 0 0 1 0 0 1 1 0 1 1 0 1 1
 0 0 1]"
25,0.9546966718680808,"[1 1 1 1 1 1 1 0 1 1 0 1 0 0 0 0 1 1 0 1 1 1 1 0 0 0 1 0 0 1 1 0 1 1 0 1 1
 0 0 1]"
25,0.9546966718680808,"[1 1 1 1 1 1 1 0 1 1 0 1 0 0 0 0 1 1 0 1 1 1 1 0 0 0 1 0 0 1 1 0 1 1 0 1 1
 0 0 1]"
25,0.9546966718680808,"[1 1 1 1 1 1 1 0 1 1 0 1 0 0 0 0 1 1 0 1 1 1 1 0 0 0 1 0 0 1 1 0 1 1 0 1 1
 0 0 1]"
25,0.9546966718680808,"[1 1 1 1 1 1 1 0 1 1 0 1 0 0 0 0 1 1 0 1 1 1 1 0 0 0 1 0 0 1 1 0 1 1 0 1 1
 0 0 1]"
25,0.9546966718680808,"[1 1 1 1 1 1 1 0 1 1 0 1 0 0 0 0 1 1 0 1 1 1 1 0 0 0 1 0 0 1 1 0 1 1 0 1 1
 0 0 1]"
25,0.9546966718680808,"[1 1 1 1 1 1 1 0 1 1 0 1 0 0 0 0 1 1 0 1 1 1 1 0 0 0 1 0 0 1 1 0 1 1 0 1 1
 0 0 1]"
25,0.9546966718680808,"[1 1 1 1 1 1 1 0 1 1 0 1 0 0 0 0 1 1 0 1 1 1 1 0 0 0 1 0 0 1 1 0 1 1 0 1 1
 0 0 1]"
25,0.9546966718680808,"[1 1 1 1 1 1 1 0 1 1 0 1 0 0 0 0 1 1 0 1 1 1 1 0 0 0 1 0 0 1 1 0 1 1 0 1 1
 0 0 1]"
25,0.9546966718680808,"[1 1 1 1 1 1 1 0 1 1 0 1 0 0 0 0 1 1 0 1 1 1 1 0 0 0 1 0 0 1 1 0 1 1 0 1 1
 0 0 1]"
25,0.9546966718680808,"[1 1 1 1 1 1 1 0 1 1 0 1 0 0 0 0 1 1 0 1 1 1 1 0 0 0 1 0 0 1 1 0 1 1 0 1 1
 0 0 1]"
25,0.9546966718680808,"[1 1 1 1 1 1 1 0 1 1 0 1 0 0 0 0 1 1 0 1 1 1 1 0 0 0 1 0 0 1 1 0 1 1 0 1 1
 0 0 1]"
25,0.9546966718680808,"[1 1 1 1 1 1 1 0 1 1 0 1 0 0 0 0 1 1 0 1 1 1 1 0 0 0 1 0 0 1 1 0 1 1 0 1 1
 0 0 1]"
25,0.9546966718680808,"[1 1 1 1 1 1 1 0 1 1 0 1 0 0 0 0 1 1 0 1 1 1 1 0 0 0 1 0 0 1 1 0 1 1 0 1 1
 0 0 1]"
25,0.9546966718680808,"[1 1 1 1 1 1 1 0 1 1 0 1 0 0 0 0 1 1 0 1 1 1 1 0 0 0 1 0 0 1 1 0 1 1 0 1 1
 0 0 1]"
25,0.9546966718680808,"[1 1 1 1 1 1 1 0 1 1 0 1 0 0 0 0 1 1 0 1 1 1 1 0 0 0 1 0 0 1 1 0 1 1 0 1 1
 0 0 1]"
25,0.9546966718680808,"[1 1 1 1 1 1 1 0 1 1 0 1 0 0 0 0 1 1 0 1 1 1 1 0 0 0 1 0 0 1 1 0 1 1 0 1 1
 0 0 1]"
25,0.9546966718680808,"[1 1 1 1 1 1 1 0 1 1 0 1 0 0 0 0 1 1 0 1 1 1 1 0 0 0 1 0 0 1 1 0 1 1 0 1 1
 0 0 1]"
25,0.9546966718680808,"[1 1 1 1 1 1 1 0 1 1 0 1 0 0 0 0 1 1 0 1 1 1 1 0 0 0 1 0 0 1 1 0 1 1 0 1 1
 0 0 1]"
25,0.9546966718680808,"[1 1 1 1 1 1 1 0 1 1 0 1 0 0 0 0 1 1 0 1 1 1 1 0 0 0 1 0 0 1 1 0 1 1 0 1 1
 0 0 1]"
25,0.9546966718680808,"[1 1 1 1 1 1 1 0 1 1 0 1 0 0 0 0 1 1 0 1 1 1 1 0 0 0 1 0 0 1 1 0 1 1 0 1 1
 0 0 1]"
25,0.9546966718680808,"[1 1 1 1 1 1 1 0 1 1 0 1 0 0 0 0 1 1 0 1 1 1 1 0 0 0 1 0 0 1 1 0 1 1 0 1 1
 0 0 1]"
25,0.9546966718680808,"[1 1 1 1 1 1 1 0 1 1 0 1 0 0 0 0 1 1 0 1 1 1 1 0 0 0 1 0 0 1 1 0 1 1 0 1 1
 0 0 1]"
25,0.9546966718680808,"[1 1 1 1 1 1 1 0 1 1 0 1 0 0 0 0 1 1 0 1 1 1 1 0 0 0 1 0 0 1 1 0 1 1 0 1 1
 0 0 1]"
25,0.9546966718680808,"[1 1 1 1 1 1 1 0 1 1 0 1 0 0 0 0 1 1 0 1 1 1 1 0 0 0 1 0 0 1 1 0 1 1 0 1 1
 0 0 1]"
25,0.9546966718680808,"[1 1 1 1 1 1 1 0 1 1 0 1 0 0 0 0 1 1 0 1 1 1 1 0 0 0 1 0 0 1 1 0 1 1 0 1 1
 0 0 1]"
25,0.9546966718680808,"[1 1 1 1 1 1 1 0 1 1 0 1 0 0 0 0 1 1 0 1 1 1 1 0 0 0 1 0 0 1 1 0 1 1 0 1 1
 0 0 1]"
25,0.9546966718680808,"[1 1 1 1 1 1 1 0 1 1 0 1 0 0 0 0 1 1 0 1 1 1 1 0 0 0 1 0 0 1 1 0 1 1 0 1 1
 0 0 1]"
25,0.9546966718680808,"[1 1 1 1 1 1 1 0 1 1 0 1 0 0 0 0 1 1 0 1 1 1 1 0 0 0 1 0 0 1 1 0 1 1 0 1 1
 0 0 1]"
25,0.9546966718680808,"[1 1 1 1 1 1 1 0 1 1 0 1 0 0 0 0 1 1 0 1 1 1 1 0 0 0 1 0 0 1 1 0 1 1 0 1 1
 0 0 1]"
25,0.9546966718680808,"[1 1 1 1 1 1 1 0 1 1 0 1 0 0 0 0 1 1 0 1 1 1 1 0 0 0 1 0 0 1 1 0 1 1 0 1 1
 0 0 1]"
25,0.9546966718680808,"[1 1 1 1 1 1 1 0 1 1 0 1 0 0 0 0 1 1 0 1 1 1 1 0 0 0 1 0 0 1 1 0 1 1 0 1 1
 0 0 1]"
25,0.9546966718680808,"[1 1 1 1 1 1 1 0 1 1 0 1 0 0 0 0 1 1 0 1 1 1 1 0 0 0 1 0 0 1 1 0 1 1 0 1 1
 0 0 1]"
25,0.9546966718680808,"[1 1 1 1 1 1 1 0 1 1 0 1 0 0 0 0 1 1 0 1 1 1 1 0 0 0 1 0 0 1 1 0 1 1 0 1 1
 0 0 1]"
25,0.9546966718680808,"[1 1 1 1 1 1 1 0 1 1 0 1 0 0 0 0 1 1 0 1 1 1 1 0 0 0 1 0 0 1 1 0 1 1 0 1 1
 0 0 1]"
25,0.9546966718680808,"[1 1 1 1 1 1 1 0 1 1 0 1 0 0 0 0 1 1 0 1 1 1 1 0 0 0 1 0 0 1 1 0 1 1 0 1 1
 0 0 1]"
25,0.9546966718680808,"[1 1 1 1 1 1 1 0 1 1 0 1 0 0 0 0 1 1 0 1 1 1 1 0 0 0 1 0 0 1 1 0 1 1 0 1 1
 0 0 1]"
25,0.9546966718680808,"[1 1 1 1 1 1 1 0 1 1 0 1 0 0 0 0 1 1 0 1 1 1 1 0 0 0 1 0 0 1 1 0 1 1 0 1 1
 0 0 1]"
25,0.9546966718680808,"[1 1 1 1 1 1 1 0 1 1 0 1 0 0 0 0 1 1 0 1 1 1 1 0 0 0 1 0 0 1 1 0 1 1 0 1 1
 0 0 1]"
25,0.9546966718680808,"[1 1 1 1 1 1 1 0 1 1 0 1 0 0 0 0 1 1 0 1 1 1 1 0 0 0 1 0 0 1 1 0 1 1 0 1 1
 0 0 1]"
25,0.9546966718680808,"[1 1 1 1 1 1 1 0 1 1 0 1 0 0 0 0 1 1 0 1 1 1 1 0 0 0 1 0 0 1 1 0 1 1 0 1 1
 0 0 1]"
25,0.9546966718680808,"[1 1 1 1 1 1 1 0 1 1 0 1 0 0 0 0 1 1 0 1 1 1 1 0 0 0 1 0 0 1 1 0 1 1 0 1 1
 0 0 1]"
25,0.9546966718680808,"[1 1 1 1 1 1 1 0 1 1 0 1 0 0 0 0 1 1 0 1 1 1 1 0 0 0 1 0 0 1 1 0 1 1 0 1 1
 0 0 1]"
25,0.9546966718680808,"[1 1 1 1 1 1 1 0 1 1 0 1 0 0 0 0 1 1 0 1 1 1 1 0 0 0 1 0 0 1 1 0 1 1 0 1 1
 0 0 1]"
25,0.9546966718680808,"[1 1 1 1 1 1 1 0 1 1 0 1 0 0 0 0 1 1 0 1 1 1 1 0 0 0 1 0 0 1 1 0 1 1 0 1 1
 0 0 1]"
25,0.9546966718680808,"[1 1 1 1 1 1 1 0 1 1 0 1 0 0 0 0 1 1 0 1 1 1 1 0 0 0 1 0 0 1 1 0 1 1 0 1 1
 0 0 1]"
25,0.9546966718680808,"[1 1 1 1 1 1 1 0 1 1 0 1 0 0 0 0 1 1 0 1 1 1 1 0 0 0 1 0 0 1 1 0 1 1 0 1 1
 0 0 1]"
25,0.9546966718680808,"[1 1 1 1 1 1 1 0 1 1 0 1 0 0 0 0 1 1 0 1 1 1 1 0 0 0 1 0 0 1 1 0 1 1 0 1 1
 0 0 1]"
25,0.9546966718680808,"[1 1 1 1 1 1 1 0 1 1 0 1 0 0 0 0 1 1 0 1 1 1 1 0 0 0 1 0 0 1 1 0 1 1 0 1 1
 0 0 1]"
25,0.9546966718680808,"[1 1 1 1 1 1 1 0 1 1 0 1 0 0 0 0 1 1 0 1 1 1 1 0 0 0 1 0 0 1 1 0 1 1 0 1 1
 0 0 1]"
25,0.9546966718680808,"[1 1 1 1 1 1 1 0 1 1 0 1 0 0 0 0 1 1 0 1 1 1 1 0 0 0 1 0 0 1 1 0 1 1 0 1 1
 0 0 1]"
25,0.9546966718680808,"[1 1 1 1 1 1 1 0 1 1 0 1 0 0 0 0 1 1 0 1 1 1 1 0 0 0 1 0 0 1 1 0 1 1 0 1 1
 0 0 1]"
25,0.9546966718680808,"[1 1 1 1 1 1 1 0 1 1 0 1 0 0 0 0 1 1 0 1 1 1 1 0 0 0 1 0 0 1 1 0 1 1 0 1 1
 0 0 1]"
25,0.9546966718680808,"[1 1 1 1 1 1 1 0 1 1 0 1 0 0 0 0 1 1 0 1 1 1 1 0 0 0 1 0 0 1 1 0 1 1 0 1 1
 0 0 1]"
25,0.9546966718680808,"[1 1 1 1 1 1 1 0 1 1 0 1 0 0 0 0 1 1 0 1 1 1 1 0 0 0 1 0 0 1 1 0 1 1 0 1 1
 0 0 1]"
25,0.9546966718680808,"[1 1 1 1 1 1 1 0 1 1 0 1 0 0 0 0 1 1 0 1 1 1 1 0 0 0 1 0 0 1 1 0 1 1 0 1 1
 0 0 1]"
25,0.9546966718680808,"[1 1 1 1 1 1 1 0 1 1 0 1 0 0 0 0 1 1 0 1 1 1 1 0 0 0 1 0 0 1 1 0 1 1 0 1 1
 0 0 1]"
25,0.9546966718680808,"[1 1 1 1 1 1 1 0 1 1 0 1 0 0 0 0 1 1 0 1 1 1 1 0 0 0 1 0 0 1 1 0 1 1 0 1 1
 0 0 1]"
25,0.9546966718680808,"[1 1 1 1 1 1 1 0 1 1 0 1 0 0 0 0 1 1 0 1 1 1 1 0 0 0 1 0 0 1 1 0 1 1 0 1 1
 0 0 1]"
25,0.9546966718680808,"[1 1 1 1 1 1 1 0 1 1 0 1 0 0 0 0 1 1 0 1 1 1 1 0 0 0 1 0 0 1 1 0 1 1 0 1 1
 0 0 1]"
25,0.9546966718680808,"[1 1 1 1 1 1 1 0 1 1 0 1 0 0 0 0 1 1 0 1 1 1 1 0 0 0 1 0 0 1 1 0 1 1 0 1 1
 0 0 1]"
25,0.9546966718680808,"[1 1 1 1 1 1 1 0 1 1 0 1 0 0 0 0 1 1 0 1 1 1 1 0 0 0 1 0 0 1 1 0 1 1 0 1 1
 0 0 1]"
25,0.9546966718680808,"[1 1 1 1 1 1 1 0 1 1 0 1 0 0 0 0 1 1 0 1 1 1 1 0 0 0 1 0 0 1 1 0 1 1 0 1 1
 0 0 1]"
25,0.9546966718680808,"[1 1 1 1 1 1 1 0 1 1 0 1 0 0 0 0 1 1 0 1 1 1 1 0 0 0 1 0 0 1 1 0 1 1 0 1 1
 0 0 1]"
25,0.9546966718680808,"[1 1 1 1 1 1 1 0 1 1 0 1 0 0 0 0 1 1 0 1 1 1 1 0 0 0 1 0 0 1 1 0 1 1 0 1 1
 0 0 1]"
25,0.9546966718680808,"[1 1 1 1 1 1 1 0 1 1 0 1 0 0 0 0 1 1 0 1 1 1 1 0 0 0 1 0 0 1 1 0 1 1 0 1 1
 0 0 1]"
25,0.9546966718680808,"[1 1 1 1 1 1 1 0 1 1 0 1 0 0 0 0 1 1 0 1 1 1 1 0 0 0 1 0 0 1 1 0 1 1 0 1 1
 0 0 1]"
25,0.9546966718680808,"[1 1 1 1 1 1 1 0 1 1 0 1 0 0 0 0 1 1 0 1 1 1 1 0 0 0 1 0 0 1 1 0 1 1 0 1 1
 0 0 1]"
25,0.9546966718680808,"[1 1 1 1 1 1 1 0 1 1 0 1 0 0 0 0 1 1 0 1 1 1 1 0 0 0 1 0 0 1 1 0 1 1 0 1 1
 0 0 1]"
25,0.9546966718680808,"[1 1 1 1 1 1 1 0 1 1 0 1 0 0 0 0 1 1 0 1 1 1 1 0 0 0 1 0 0 1 1 0 1 1 0 1 1
 0 0 1]"
25,0.9546966718680808,"[1 1 1 1 1 1 1 0 1 1 0 1 0 0 0 0 1 1 0 1 1 1 1 0 0 0 1 0 0 1 1 0 1 1 0 1 1
 0 0 1]"
step,fitness,genome
26,0.9546966718680808,"[1 1 1 1 1 1 1 0 1 1 0 1 0 0 0 0 1 1 0 1 1 1 1 0 0 0 1 0 0 1 1 0 1 1 0 1 1
 0 0 1]"
26,0.9546966718680808,"[1 1 1 1 1 1 1 0 1 1 0 1 0 0 0 0 1 1 0 1 1 1 1 0 0 0 1 0 0 1 1 0 1 1 0 1 1
 0 0 1]"
26,0.9546966718680808,"[1 1 1 1 1 1 1 0 1 1 0 1 0 0 0 0 1 1 0 1 1 1 1 0 0 0 1 0 0 1 1 0 1 1 0 1 1
 0 0 1]"
26,0.9546966718680808,"[1 1 1 1 1 1 1 0 1 1 0 1 0 0 0 0 1 1 0 1 1 1 1 0 0 0 1 0 0 1 1 0 1 1 0 1 1
 0 0 1]"
26,0.9546966718680808,"[1 1 1 1 1 1 1 0 1 1 0 1 0 0 0 0 1 1 0 1 1 1 1 0 0 0 1 0 0 1 1 0 1 1 0 1 1
 0 0 1]"
26,0.9546966718680808,"[1 1 1 1 1 1 1 0 1 1 0 1 0 0 0 0 1 1 0 1 1 1 1 0 0 0 1 0 0 1 1 0 1 1 0 1 1
 0 0 1]"
26,0.9546966718680808,"[1 1 1 1 1 1 1 0 1 1 0 1 0 0 0 0 1 1 0 1 1 1 1 0 0 0 1 0 0 1 1 0 1 1 0 1 1
 0 0 1]"
26,0.9546966718680808,"[1 1 1 1 1 1 1 0 1 1 0 1 0 0 0 0 1 1 0 1 1 1 1 0 0 0 1 0 0 1 1 0 1 1 0 1 1
 0 0 1]"
26,0.9546966718680808,"[1 1 1 1 1 1 1 0 1 1 0 1 0 0 0 0 1 1 0 1 1 1 1 0 0 0 1 0 0 1 1 0 1 1 0 1 1
 0 0 1]"
26,0.9546966718680808,"[1 1 1 1 1 1 1 0 1 1 0 1 0 0 0 0 1 1 0 1 1 1 1 0 0 0 1 0 0 1 1 0 1 1 0 1 1
 0 0 1]"
26,0.9546966718680808,"[1 1 1 1 1 1 1 0 1 1 0 1 0 0 0 0 1 1 0 1 1 1 1 0 0 0 1 0 0 1 1 0 1 1 0 1 1
 0 0 1]"
26,0.9546966718680808,"[1 1 1 1 1 1 1 0 1 1 0 1 0 0 0 0 1 1 0 1 1 1 1 0 0 0 1 0 0 1 1 0 1 1 0 1 1
 0 0 1]"
26,0.9546966718680808,"[1 1 1 1 1 1 1 0 1 1 0 1 0 0 0 0 1 1 0 1 1 1 1 0 0 0 1 0 0 1 1 0 1 1 0 1 1
 0 0 1]"
26,0.9546966718680808,"[1 1 1 1 1 1 1 0 1 1 0 1 0 0 0 0 1 1 0 1 1 1 1 0 0 0 1 0 0 1 1 0 1 1 0 1 1
 0 0 1]"
26,0.9546966718680808,"[1 1 1 1 1 1 1 0 1 1 0 1 0 0 0 0 1 1 0 1 1 1 1 0 0 0 1 0 0 1 1 0 1 1 0 1 1
 0 0 1]"
26,0.9546966718680808,"[1 1 1 1 1 1 1 0 1 1 0 1 0 0 0 0 1 1 0 1 1 1 1 0 0 0 1 0 0 1 1 0 1 1 0 1 1
 0 0 1]"
26,0.9546966718680808,"[1 1 1 1 1 1 1 0 1 1 0 1 0 0 0 0 1 1 0 1 1 1 1 0 0 0 1 0 0 1 1 0 1 1 0 1 1
 0 0 1]"
26,0.9546966718680808,"[1 1 1 1 1 1 1 0 1 1 0 1 0 0 0 0 1 1 0 1 1 1 1 0 0 0 1 0 0 1 1 0 1 1 0 1 1
 0 0 1]"
26,0.9546966718680808,"[1 1 1 1 1 1 1 0 1 1 0 1 0 0 0 0 1 1 0 1 1 1 1 0 0 0 1 0 0 1 1 0 1 1 0 1 1
 0 0 1]"
26,0.9546966718680808,"[1 1 1 1 1 1 1 0 1 1 0 1 0 0 0 0 1 1 0 1 1 1 1 0 0 0 1 0 0 1 1 0 1 1 0 1 1
 0 0 1]"
26,0.9546966718680808,"[1 1 1 1 1 1 1 0 1 1 0 1 0 0 0 0 1 1 0 1 1 1 1 0 0 0 1 0 0 1 1 0 1 1 0 1 1
 0 0 1]"
26,0.9546966718680808,"[1 1 1 1 1 1 1 0 1 1 0 1 0 0 0 0 1 1 0 1 1 1 1 0 0 0 1 0 0 1 1 0 1 1 0 1 1
 0 0 1]"
26,0.9546966718680808,"[1 1 1 1 1 1 1 0 1 1 0 1 0 0 0 0 1 1 0 1 1 1 1 0 0 0 1 0 0 1 1 0 1 1 0 1 1
 0 0 1]"
26,0.9546966718680808,"[1 1 1 1 1 1 1 0 1 1 0 1 0 0 0 0 1 1 0 1 1 1 1 0 0 0 1 0 0 1 1 0 1 1 0 1 1
 0 0 1]"
26,0.9546966718680808,"[1 1 1 1 1 1 1 0 1 1 0 1 0 0 0 0 1 1 0 1 1 1 1 0 0 0 1 0 0 1 1 0 1 1 0 1 1
 0 0 1]"
26,0.9546966718680808,"[1 1 1 1 1 1 1 0 1 1 0 1 0 0 0 0 1 1 0 1 1 1 1 0 0 0 1 0 0 1 1 0 1 1 0 1 1
 0 0 1]"
26,0.9546966718680808,"[1 1 1 1 1 1 1 0 1 1 0 1 0 0 0 0 1 1 0 1 1 1 1 0 0 0 1 0 0 1 1 0 1 1 0 1 1
 0 0 1]"
26,0.9546966718680808,"[1 1 1 1 1 1 1 0 1 1 0 1 0 0 0 0 1 1 0 1 1 1 1 0 0 0 1 0 0 1 1 0 1 1 0 1 1
 0 0 1]"
26,0.9546966718680808,"[1 1 1 1 1 1 1 0 1 1 0 1 0 0 0 0 1 1 0 1 1 1 1 0 0 0 1 0 0 1 1 0 1 1 0 1 1
 0 0 1]"
26,0.9546966718680808,"[1 1 1 1 1 1 1 0 1 1 0 1 0 0 0 0 1 1 0 1 1 1 1 0 0 0 1 0 0 1 1 0 1 1 0 1 1
 0 0 1]"
26,0.9546966718680808,"[1 1 1 1 1 1 1 0 1 1 0 1 0 0 0 0 1 1 0 1 1 1 1 0 0 0 1 0 0 1 1 0 1 1 0 1 1
 0 0 1]"
26,0.9546966718680808,"[1 1 1 1 1 1 1 0 1 1 0 1 0 0 0 0 1 1 0 1 1 1 1 0 0 0 1 0 0 1 1 0 1 1 0 1 1
 0 0 1]"
26,0.9546966718680808,"[1 1 1 1 1 1 1 0 1 1 0 1 0 0 0 0 1 1 0 1 1 1 1 0 0 0 1 0 0 1 1 0 1 1 0 1 1
 0 0 1]"
26,0.9546966718680808,"[1 1 1 1 1 1 1 0 1 1 0 1 0 0 0 0 1 1 0 1 1 1 1 0 0 0 1 0 0 1 1 0 1 1 0 1 1
 0 0 1]"
26,0.9546966718680808,"[1 1 1 1 1 1 1 0 1 1 0 1 0 0 0 0 1 1 0 1 1 1 1 0 0 0 1 0 0 1 1 0 1 1 0 1 1
 0 0 1]"
26,0.9546966718680808,"[1 1 1 1 1 1 1 0 1 1 0 1 0 0 0 0 1 1 0 1 1 1 1 0 0 0 1 0 0 1 1 0 1 1 0 1 1
 0 0 1]"
26,0.9546966718680808,"[1 1 1 1 1 1 1 0 1 1 0 1 0 0 0 0 1 1 0 1 1 1 1 0 0 0 1 0 0 1 1 0 1 1 0 1 1
 0 0 1]"
26,0.9546966718680808,"[1 1 1 1 1 1 1 0 1 1 0 1 0 0 0 0 1 1 0 1 1 1 1 0 0 0 1 0 0 1 1 0 1 1 0 1 1
 0 0 1]"
26,0.9546966718680808,"[1 1 1 1 1 1 1 0 1 1 0 1 0 0 0 0 1 1 0 1 1 1 1 0 0 0 1 0 0 1 1 0 1 1 0 1 1
 0 0 1]"
26,0.9546966718680808,"[1 1 1 1 1 1 1 0 1 1 0 1 0 0 0 0 1 1 0 1 1 1 1 0 0 0 1 0 0 1 1 0 1 1 0 1 1
 0 0 1]"
26,0.9546966718680808,"[1 1 1 1 1 1 1 0 1 1 0 1 0 0 0 0 1 1 0 1 1 1 1 0 0 0 1 0 0 1 1 0 1 1 0 1 1
 0 0 1]"
26,0.9546966718680808,"[1 1 1 1 1 1 1 0 1 1 0 1 0 0 0 0 1 1 0 1 1 1 1 0 0 0 1 0 0 1 1 0 1 1 0 1 1
 0 0 1]"
26,0.9546966718680808,"[1 1 1 1 1 1 1 0 1 1 0 1 0 0 0 0 1 1 0 1 1 1 1 0 0 0 1 0 0 1 1 0 1 1 0 1 1
 0 0 1]"
26,0.9546966718680808,"[1 1 1 1 1 1 1 0 1 1 0 1 0 0 0 0 1 1 0 1 1 1 1 0 0 0 1 0 0 1 1 0 1 1 0 1 1
 0 0 1]"
26,0.9546966718680808,"[1 1 1 1 1 1 1 0 1 1 0 1 0 0 0 0 1 1 0 1 1 1 1 0 0 0 1 0 0 1 1 0 1 1 0 1 1
 0 0 1]"
26,0.9546966718680808,"[1 1 1 1 1 1 1 0 1 1 0 1 0 0 0 0 1 1 0 1 1 1 1 0 0 0 1 0 0 1 1 0 1 1 0 1 1
 0 0 1]"
26,0.9546966718680808,"[1 1 1 1 1 1 1 0 1 1 0 1 0 0 0 0 1 1 0 1 1 1 1 0 0 0 1 0 0 1 1 0 1 1 0 1 1
 0 0 1]"
26,0.9546966718680808,"[1 1 1 1 1 1 1 0 1 1 0 1 0 0 0 0 1 1 0 1 1 1 1 0 0 0 1 0 0 1 1 0 1 1 0 1 1
 0 0 1]"
26,0.9546966718680808,"[1 1 1 1 1 1 1 0 1 1 0 1 0 0 0 0 1 1 0 1 1 1 1 0 0 0 1 0 0 1 1 0 1 1 0 1 1
 0 0 1]"
26,0.9546966718680808,"[1 1 1 1 1 1 1 0 1 1 0 1 0 0 0 0 1 1 0 1 1 1 1 0 0 0 1 0 0 1 1 0 1 1 0 1 1
 0 0 1]"
26,0.9546966718680808,"[1 1 1 1 1 1 1 0 1 1 0 1 0 0 0 0 1 1 0 1 1 1 1 0 0 0 1 0 0 1 1 0 1 1 0 1 1
 0 0 1]"
26,0.9546966718680808,"[1 1 1 1 1 1 1 0 1 1 0 1 0 0 0 0 1 1 0 1 1 1 1 0 0 0 1 0 0 1 1 0 1 1 0 1 1
 0 0 1]"
26,0.9546966718680808,"[1 1 1 1 1 1 1 0 1 1 0 1 0 0 0 0 1 1 0 1 1 1 1 0 0 0 1 0 0 1 1 0 1 1 0 1 1
 0 0 1]"
26,0.9546966718680808,"[1 1 1 1 1 1 1 0 1 1 0 1 0 0 0 0 1 1 0 1 1 1 1 0 0 0 1 0 0 1 1 0 1 1 0 1 1
 0 0 1]"
26,0.9546966718680808,"[1 1 1 1 1 1 1 0 1 1 0 1 0 0 0 0 1 1 0 1 1 1 1 0 0 0 1 0 0 1 1 0 1 1 0 1 1
 0 0 1]"
26,0.9546966718680808,"[1 1 1 1 1 1 1 0 1 1 0 1 0 0 0 0 1 1 0 1 1 1 1 0 0 0 1 0 0 1 1 0 1 1 0 1 1
 0 0 1]"
26,0.9546966718680808,"[1 1 1 1 1 1 1 0 1 1 0 1 0 0 0 0 1 1 0 1 1 1 1 0 0 0 1 0 0 1 1 0 1 1 0 1 1
 0 0 1]"
26,0.9546966718680808,"[1 1 1 1 1 1 1 0 1 1 0 1 0 0 0 0 1 1 0 1 1 1 1 0 0 0 1 0 0 1 1 0 1 1 0 1 1
 0 0 1]"
26,0.9546966718680808,"[1 1 1 1 1 1 1 0 1 1 0 1 0 0 0 0 1 1 0 1 1 1 1 0 0 0 1 0 0 1 1 0 1 1 0 1 1
 0 0 1]"
26,0.9546966718680808,"[1 1 1 1 1 1 1 0 1 1 0 1 0 0 0 0 1 1 0 1 1 1 1 0 0 0 1 0 0 1 1 0 1 1 0 1 1
 0 0 1]"
26,0.9546966718680808,"[1 1 1 1 1 1 1 0 1 1 0 1 0 0 0 0 1 1 0 1 1 1 1 0 0 0 1 0 0 1 1 0 1 1 0 1 1
 0 0 1]"
26,0.9546966718680808,"[1 1 1 1 1 1 1 0 1 1 0 1 0 0 0 0 1 1 0 1 1 1 1 0 0 0 1 0 0 1 1 0 1 1 0 1 1
 0 0 1]"
26,0.9546966718680808,"[1 1 1 1 1 1 1 0 1 1 0 1 0 0 0 0 1 1 0 1 1 1 1 0 0 0 1 0 0 1 1 0 1 1 0 1 1
 0 0 1]"
26,0.9546966718680808,"[1 1 1 1 1 1 1 0 1 1 0 1 0 0 0 0 1 1 0 1 1 1 1 0 0 0 1 0 0 1 1 0 1 1 0 1 1
 0 0 1]"
26,0.9546966718680808,"[1 1 1 1 1 1 1 0 1 1 0 1 0 0 0 0 1 1 0 1 1 1 1 0 0 0 1 0 0 1 1 0 1 1 0 1 1
 0 0 1]"
26,0.9546966718680808,"[1 1 1 1 1 1 1 0 1 1 0 1 0 0 0 0 1 1 0 1 1 1 1 0 0 0 1 0 0 1 1 0 1 1 0 1 1
 0 0 1]"
26,0.9546966718680808,"[1 1 1 1 1 1 1 0 1 1 0 1 0 0 0 0 1 1 0 1 1 1 1 0 0 0 1 0 0 1 1 0 1 1 0 1 1
 0 0 1]"
26,0.9546966718680808,"[1 1 1 1 1 1 1 0 1 1 0 1 0 0 0 0 1 1 0 1 1 1 1 0 0 0 1 0 0 1 1 0 1 1 0 1 1
 0 0 1]"
26,0.9546966718680808,"[1 1 1 1 1 1 1 0 1 1 0 1 0 0 0 0 1 1 0 1 1 1 1 0 0 0 1 0 0 1 1 0 1 1 0 1 1
 0 0 1]"
26,0.9546966718680808,"[1 1 1 1 1 1 1 0 1 1 0 1 0 0 0 0 1 1 0 1 1 1 1 0 0 0 1 0 0 1 1 0 1 1 0 1 1
 0 0 1]"
26,0.9546966718680808,"[1 1 1 1 1 1 1 0 1 1 0 1 0 0 0 0 1 1 0 1 1 1 1 0 0 0 1 0 0 1 1 0 1 1 0 1 1
 0 0 1]"
26,0.9546966718680808,"[1 1 1 1 1 1 1 0 1 1 0 1 0 0 0 0 1 1 0 1 1 1 1 0 0 0 1 0 0 1 1 0 1 1 0 1 1
 0 0 1]"
26,0.9546966718680808,"[1 1 1 1 1 1 1 0 1 1 0 1 0 0 0 0 1 1 0 1 1 1 1 0 0 0 1 0 0 1 1 0 1 1 0 1 1
 0 0 1]"
26,0.9546966718680808,"[1 1 1 1 1 1 1 0 1 1 0 1 0 0 0 0 1 1 0 1 1 1 1 0 0 0 1 0 0 1 1 0 1 1 0 1 1
 0 0 1]"
26,0.9546966718680808,"[1 1 1 1 1 1 1 0 1 1 0 1 0 0 0 0 1 1 0 1 1 1 1 0 0 0 1 0 0 1 1 0 1 1 0 1 1
 0 0 1]"
step,fitness,genome
27,0.9546966718680808,"[1 1 1 1 1 1 1 0 1 1 0 1 0 0 0 0 1 1 0 1 1 1 1 0 0 0 1 0 0 1 1 0 1 1 0 1 1
 0 0 1]"
27,0.9546966718680808,"[1 1 1 1 1 1 1 0 1 1 0 1 0 0 0 0 1 1 0 1 1 1 1 0 0 0 1 0 0 1 1 0 1 1 0 1 1
 0 0 1]"
27,0.9546966718680808,"[1 1 1 1 1 1 1 0 1 1 0 1 0 0 0 0 1 1 0 1 1 1 1 0 0 0 1 0 0 1 1 0 1 1 0 1 1
 0 0 1]"
27,0.9546966718680808,"[1 1 1 1 1 1 1 0 1 1 0 1 0 0 0 0 1 1 0 1 1 1 1 0 0 0 1 0 0 1 1 0 1 1 0 1 1
 0 0 1]"
27,0.9546966718680808,"[1 1 1 1 1 1 1 0 1 1 0 1 0 0 0 0 1 1 0 1 1 1 1 0 0 0 1 0 0 1 1 0 1 1 0 1 1
 0 0 1]"
27,0.9546966718680808,"[1 1 1 1 1 1 1 0 1 1 0 1 0 0 0 0 1 1 0 1 1 1 1 0 0 0 1 0 0 1 1 0 1 1 0 1 1
 0 0 1]"
27,0.9546966718680808,"[1 1 1 1 1 1 1 0 1 1 0 1 0 0 0 0 1 1 0 1 1 1 1 0 0 0 1 0 0 1 1 0 1 1 0 1 1
 0 0 1]"
27,0.9546966718680808,"[1 1 1 1 1 1 1 0 1 1 0 1 0 0 0 0 1 1 0 1 1 1 1 0 0 0 1 0 0 1 1 0 1 1 0 1 1
 0 0 1]"
27,0.9546966718680808,"[1 1 1 1 1 1 1 0 1 1 0 1 0 0 0 0 1 1 0 1 1 1 1 0 0 0 1 0 0 1 1 0 1 1 0 1 1
 0 0 1]"
27,0.9546966718680808,"[1 1 1 1 1 1 1 0 1 1 0 1 0 0 0 0 1 1 0 1 1 1 1 0 0 0 1 0 0 1 1 0 1 1 0 1 1
 0 0 1]"
27,0.9546966718680808,"[1 1 1 1 1 1 1 0 1 1 0 1 0 0 0 0 1 1 0 1 1 1 1 0 0 0 1 0 0 1 1 0 1 1 0 1 1
 0 0 1]"
27,0.9546966718680808,"[1 1 1 1 1 1 1 0 1 1 0 1 0 0 0 0 1 1 0 1 1 1 1 0 0 0 1 0 0 1 1 0 1 1 0 1 1
 0 0 1]"
27,0.9546966718680808,"[1 1 1 1 1 1 1 0 1 1 0 1 0 0 0 0 1 1 0 1 1 1 1 0 0 0 1 0 0 1 1 0 1 1 0 1 1
 0 0 1]"
27,0.9546966718680808,"[1 1 1 1 1 1 1 0 1 1 0 1 0 0 0 0 1 1 0 1 1 1 1 0 0 0 1 0 0 1 1 0 1 1 0 1 1
 0 0 1]"
27,0.9546966718680808,"[1 1 1 1 1 1 1 0 1 1 0 1 0 0 0 0 1 1 0 1 1 1 1 0 0 0 1 0 0 1 1 0 1 1 0 1 1
 0 0 1]"
27,0.9546966718680808,"[1 1 1 1 1 1 1 0 1 1 0 1 0 0 0 0 1 1 0 1 1 1 1 0 0 0 1 0 0 1 1 0 1 1 0 1 1
 0 0 1]"
27,0.9546966718680808,"[1 1 1 1 1 1 1 0 1 1 0 1 0 0 0 0 1 1 0 1 1 1 1 0 0 0 1 0 0 1 1 0 1 1 0 1 1
 0 0 1]"
27,0.9546966718680808,"[1 1 1 1 1 1 1 0 1 1 0 1 0 0 0 0 1 1 0 1 1 1 1 0 0 0 1 0 0 1 1 0 1 1 0 1 1
 0 0 1]"
27,0.9546966718680808,"[1 1 1 1 1 1 1 0 1 1 0 1 0 0 0 0 1 1 0 1 1 1 1 0 0 0 1 0 0 1 1 0 1 1 0 1 1
 0 0 1]"
27,0.9546966718680808,"[1 1 1 1 1 1 1 0 1 1 0 1 0 0 0 0 1 1 0 1 1 1 1 0 0 0 1 0 0 1 1 0 1 1 0 1 1
 0 0 1]"
27,0.9546966718680808,"[1 1 1 1 1 1 1 0 1 1 0 1 0 0 0 0 1 1 0 1 1 1 1 0 0 0 1 0 0 1 1 0 1 1 0 1 1
 0 0 1]"
27,0.9546966718680808,"[1 1 1 1 1 1 1 0 1 1 0 1 0 0 0 0 1 1 0 1 1 1 1 0 0 0 1 0 0 1 1 0 1 1 0 1 1
 0 0 1]"
27,0.9546966718680808,"[1 1 1 1 1 1 1 0 1 1 0 1 0 0 0 0 1 1 0 1 1 1 1 0 0 0 1 0 0 1 1 0 1 1 0 1 1
 0 0 1]"
27,0.9546966718680808,"[1 1 1 1 1 1 1 0 1 1 0 1 0 0 0 0 1 1 0 1 1 1 1 0 0 0 1 0 0 1 1 0 1 1 0 1 1
 0 0 1]"
27,0.9546966718680808,"[1 1 1 1 1 1 1 0 1 1 0 1 0 0 0 0 1 1 0 1 1 1 1 0 0 0 1 0 0 1 1 0 1 1 0 1 1
 0 0 1]"
27,0.9546966718680808,"[1 1 1 1 1 1 1 0 1 1 0 1 0 0 0 0 1 1 0 1 1 1 1 0 0 0 1 0 0 1 1 0 1 1 0 1 1
 0 0 1]"
27,0.9546966718680808,"[1 1 1 1 1 1 1 0 1 1 0 1 0 0 0 0 1 1 0 1 1 1 1 0 0 0 1 0 0 1 1 0 1 1 0 1 1
 0 0 1]"
27,0.9546966718680808,"[1 1 1 1 1 1 1 0 1 1 0 1 0 0 0 0 1 1 0 1 1 1 1 0 0 0 1 0 0 1 1 0 1 1 0 1 1
 0 0 1]"
27,0.9546966718680808,"[1 1 1 1 1 1 1 0 1 1 0 1 0 0 0 0 1 1 0 1 1 1 1 0 0 0 1 0 0 1 1 0 1 1 0 1 1
 0 0 1]"
27,0.9546966718680808,"[1 1 1 1 1 1 1 0 1 1 0 1 0 0 0 0 1 1 0 1 1 1 1 0 0 0 1 0 0 1 1 0 1 1 0 1 1
 0 0 1]"
27,0.9546966718680808,"[1 1 1 1 1 1 1 0 1 1 0 1 0 0 0 0 1 1 0 1 1 1 1 0 0 0 1 0 0 1 1 0 1 1 0 1 1
 0 0 1]"
27,0.9546966718680808,"[1 1 1 1 1 1 1 0 1 1 0 1 0 0 0 0 1 1 0 1 1 1 1 0 0 0 1 0 0 1 1 0 1 1 0 1 1
 0 0 1]"
27,0.9546966718680808,"[1 1 1 1 1 1 1 0 1 1 0 1 0 0 0 0 1 1 0 1 1 1 1 0 0 0 1 0 0 1 1 0 1 1 0 1 1
 0 0 1]"
27,0.9546966718680808,"[1 1 1 1 1 1 1 0 1 1 0 1 0 0 0 0 1 1 0 1 1 1 1 0 0 0 1 0 0 1 1 0 1 1 0 1 1
 0 0 1]"
27,0.9546966718680808,"[1 1 1 1 1 1 1 0 1 1 0 1 0 0 0 0 1 1 0 1 1 1 1 0 0 0 1 0 0 1 1 0 1 1 0 1 1
 0 0 1]"
27,0.9546966718680808,"[1 1 1 1 1 1 1 0 1 1 0 1 0 0 0 0 1 1 0 1 1 1 1 0 0 0 1 0 0 1 1 0 1 1 0 1 1
 0 0 1]"
27,0.9546966718680808,"[1 1 1 1 1 1 1 0 1 1 0 1 0 0 0 0 1 1 0 1 1 1 1 0 0 0 1 0 0 1 1 0 1 1 0 1 1
 0 0 1]"
27,0.9546966718680808,"[1 1 1 1 1 1 1 0 1 1 0 1 0 0 0 0 1 1 0 1 1 1 1 0 0 0 1 0 0 1 1 0 1 1 0 1 1
 0 0 1]"
27,0.9546966718680808,"[1 1 1 1 1 1 1 0 1 1 0 1 0 0 0 0 1 1 0 1 1 1 1 0 0 0 1 0 0 1 1 0 1 1 0 1 1
 0 0 1]"
27,0.9546966718680808,"[1 1 1 1 1 1 1 0 1 1 0 1 0 0 0 0 1 1 0 1 1 1 1 0 0 0 1 0 0 1 1 0 1 1 0 1 1
 0 0 1]"
27,0.9546966718680808,"[1 1 1 1 1 1 1 0 1 1 0 1 0 0 0 0 1 1 0 1 1 1 1 0 0 0 1 0 0 1 1 0 1 1 0 1 1
 0 0 1]"
27,0.9546966718680808,"[1 1 1 1 1 1 1 0 1 1 0 1 0 0 0 0 1 1 0 1 1 1 1 0 0 0 1 0 0 1 1 0 1 1 0 1 1
 0 0 1]"
27,0.9546966718680808,"[1 1 1 1 1 1 1 0 1 1 0 1 0 0 0 0 1 1 0 1 1 1 1 0 0 0 1 0 0 1 1 0 1 1 0 1 1
 0 0 1]"
27,0.9546966718680808,"[1 1 1 1 1 1 1 0 1 1 0 1 0 0 0 0 1 1 0 1 1 1 1 0 0 0 1 0 0 1 1 0 1 1 0 1 1
 0 0 1]"
27,0.9546966718680808,"[1 1 1 1 1 1 1 0 1 1 0 1 0 0 0 0 1 1 0 1 1 1 1 0 0 0 1 0 0 1 1 0 1 1 0 1 1
 0 0 1]"
27,0.9546966718680808,"[1 1 1 1 1 1 1 0 1 1 0 1 0 0 0 0 1 1 0 1 1 1 1 0 0 0 1 0 0 1 1 0 1 1 0 1 1
 0 0 1]"
27,0.9546966718680808,"[1 1 1 1 1 1 1 0 1 1 0 1 0 0 0 0 1 1 0 1 1 1 1 0 0 0 1 0 0 1 1 0 1 1 0 1 1
 0 0 1]"
27,0.9546966718680808,"[1 1 1 1 1 1 1 0 1 1 0 1 0 0 0 0 1 1 0 1 1 1 1 0 0 0 1 0 0 1 1 0 1 1 0 1 1
 0 0 1]"
27,0.9546966718680808,"[1 1 1 1 1 1 1 0 1 1 0 1 0 0 0 0 1 1 0 1 1 1 1 0 0 0 1 0 0 1 1 0 1 1 0 1 1
 0 0 1]"
27,0.9546966718680808,"[1 1 1 1 1 1 1 0 1 1 0 1 0 0 0 0 1 1 0 1 1 1 1 0 0 0 1 0 0 1 1 0 1 1 0 1 1
 0 0 1]"
27,0.9546966718680808,"[1 1 1 1 1 1 1 0 1 1 0 1 0 0 0 0 1 1 0 1 1 1 1 0 0 0 1 0 0 1 1 0 1 1 0 1 1
 0 0 1]"
27,0.9546966718680808,"[1 1 1 1 1 1 1 0 1 1 0 1 0 0 0 0 1 1 0 1 1 1 1 0 0 0 1 0 0 1 1 0 1 1 0 1 1
 0 0 1]"
27,0.9546966718680808,"[1 1 1 1 1 1 1 0 1 1 0 1 0 0 0 0 1 1 0 1 1 1 1 0 0 0 1 0 0 1 1 0 1 1 0 1 1
 0 0 1]"
27,0.9546966718680808,"[1 1 1 1 1 1 1 0 1 1 0 1 0 0 0 0 1 1 0 1 1 1 1 0 0 0 1 0 0 1 1 0 1 1 0 1 1
 0 0 1]"
27,0.9546966718680808,"[1 1 1 1 1 1 1 0 1 1 0 1 0 0 0 0 1 1 0 1 1 1 1 0 0 0 1 0 0 1 1 0 1 1 0 1 1
 0 0 1]"
27,0.9546966718680808,"[1 1 1 1 1 1 1 0 1 1 0 1 0 0 0 0 1 1 0 1 1 1 1 0 0 0 1 0 0 1 1 0 1 1 0 1 1
 0 0 1]"
27,0.9546966718680808,"[1 1 1 1 1 1 1 0 1 1 0 1 0 0 0 0 1 1 0 1 1 1 1 0 0 0 1 0 0 1 1 0 1 1 0 1 1
 0 0 1]"
27,0.9546966718680808,"[1 1 1 1 1 1 1 0 1 1 0 1 0 0 0 0 1 1 0 1 1 1 1 0 0 0 1 0 0 1 1 0 1 1 0 1 1
 0 0 1]"
27,0.9546966718680808,"[1 1 1 1 1 1 1 0 1 1 0 1 0 0 0 0 1 1 0 1 1 1 1 0 0 0 1 0 0 1 1 0 1 1 0 1 1
 0 0 1]"
27,0.9546966718680808,"[1 1 1 1 1 1 1 0 1 1 0 1 0 0 0 0 1 1 0 1 1 1 1 0 0 0 1 0 0 1 1 0 1 1 0 1 1
 0 0 1]"
27,0.9546966718680808,"[1 1 1 1 1 1 1 0 1 1 0 1 0 0 0 0 1 1 0 1 1 1 1 0 0 0 1 0 0 1 1 0 1 1 0 1 1
 0 0 1]"
27,0.9546966718680808,"[1 1 1 1 1 1 1 0 1 1 0 1 0 0 0 0 1 1 0 1 1 1 1 0 0 0 1 0 0 1 1 0 1 1 0 1 1
 0 0 1]"
27,0.9546966718680808,"[1 1 1 1 1 1 1 0 1 1 0 1 0 0 0 0 1 1 0 1 1 1 1 0 0 0 1 0 0 1 1 0 1 1 0 1 1
 0 0 1]"
27,0.9546966718680808,"[1 1 1 1 1 1 1 0 1 1 0 1 0 0 0 0 1 1 0 1 1 1 1 0 0 0 1 0 0 1 1 0 1 1 0 1 1
 0 0 1]"
27,0.9546966718680808,"[1 1 1 1 1 1 1 0 1 1 0 1 0 0 0 0 1 1 0 1 1 1 1 0 0 0 1 0 0 1 1 0 1 1 0 1 1
 0 0 1]"
27,0.9546966718680808,"[1 1 1 1 1 1 1 0 1 1 0 1 0 0 0 0 1 1 0 1 1 1 1 0 0 0 1 0 0 1 1 0 1 1 0 1 1
 0 0 1]"
27,0.9546966718680808,"[1 1 1 1 1 1 1 0 1 1 0 1 0 0 0 0 1 1 0 1 1 1 1 0 0 0 1 0 0 1 1 0 1 1 0 1 1
 0 0 1]"
27,0.9546966718680808,"[1 1 1 1 1 1 1 0 1 1 0 1 0 0 0 0 1 1 0 1 1 1 1 0 0 0 1 0 0 1 1 0 1 1 0 1 1
 0 0 1]"
27,0.9546966718680808,"[1 1 1 1 1 1 1 0 1 1 0 1 0 0 0 0 1 1 0 1 1 1 1 0 0 0 1 0 0 1 1 0 1 1 0 1 1
 0 0 1]"
27,0.9546966718680808,"[1 1 1 1 1 1 1 0 1 1 0 1 0 0 0 0 1 1 0 1 1 1 1 0 0 0 1 0 0 1 1 0 1 1 0 1 1
 0 0 1]"
27,0.9546966718680808,"[1 1 1 1 1 1 1 0 1 1 0 1 0 0 0 0 1 1 0 1 1 1 1 0 0 0 1 0 0 1 1 0 1 1 0 1 1
 0 0 1]"
27,0.9546966718680808,"[1 1 1 1 1 1 1 0 1 1 0 1 0 0 0 0 1 1 0 1 1 1 1 0 0 0 1 0 0 1 1 0 1 1 0 1 1
 0 0 1]"
27,0.9546966718680808,"[1 1 1 1 1 1 1 0 1 1 0 1 0 0 0 0 1 1 0 1 1 1 1 0 0 0 1 0 0 1 1 0 1 1 0 1 1
 0 0 1]"
27,0.9546966718680808,"[1 1 1 1 1 1 1 0 1 1 0 1 0 0 0 0 1 1 0 1 1 1 1 0 0 0 1 0 0 1 1 0 1 1 0 1 1
 0 0 1]"
27,0.9546966718680808,"[1 1 1 1 1 1 1 0 1 1 0 1 0 0 0 0 1 1 0 1 1 1 1 0 0 0 1 0 0 1 1 0 1 1 0 1 1
 0 0 1]"
step,fitness,genome
28,0.9546966718680808,"[1 1 1 1 1 1 1 0 1 1 0 1 0 0 0 0 1 1 0 1 1 1 1 0 0 0 1 0 0 1 1 0 1 1 0 1 1
 0 0 1]"
28,0.9546966718680808,"[1 1 1 1 1 1 1 0 1 1 0 1 0 0 0 0 1 1 0 1 1 1 1 0 0 0 1 0 0 1 1 0 1 1 0 1 1
 0 0 1]"
28,0.9546966718680808,"[1 1 1 1 1 1 1 0 1 1 0 1 0 0 0 0 1 1 0 1 1 1 1 0 0 0 1 0 0 1 1 0 1 1 0 1 1
 0 0 1]"
28,0.9546966718680808,"[1 1 1 1 1 1 1 0 1 1 0 1 0 0 0 0 1 1 0 1 1 1 1 0 0 0 1 0 0 1 1 0 1 1 0 1 1
 0 0 1]"
28,0.9546966718680808,"[1 1 1 1 1 1 1 0 1 1 0 1 0 0 0 0 1 1 0 1 1 1 1 0 0 0 1 0 0 1 1 0 1 1 0 1 1
 0 0 1]"
28,0.9546966718680808,"[1 1 1 1 1 1 1 0 1 1 0 1 0 0 0 0 1 1 0 1 1 1 1 0 0 0 1 0 0 1 1 0 1 1 0 1 1
 0 0 1]"
28,0.9546966718680808,"[1 1 1 1 1 1 1 0 1 1 0 1 0 0 0 0 1 1 0 1 1 1 1 0 0 0 1 0 0 1 1 0 1 1 0 1 1
 0 0 1]"
28,0.9546966718680808,"[1 1 1 1 1 1 1 0 1 1 0 1 0 0 0 0 1 1 0 1 1 1 1 0 0 0 1 0 0 1 1 0 1 1 0 1 1
 0 0 1]"
28,0.9546966718680808,"[1 1 1 1 1 1 1 0 1 1 0 1 0 0 0 0 1 1 0 1 1 1 1 0 0 0 1 0 0 1 1 0 1 1 0 1 1
 0 0 1]"
28,0.9546966718680808,"[1 1 1 1 1 1 1 0 1 1 0 1 0 0 0 0 1 1 0 1 1 1 1 0 0 0 1 0 0 1 1 0 1 1 0 1 1
 0 0 1]"
28,0.9546966718680808,"[1 1 1 1 1 1 1 0 1 1 0 1 0 0 0 0 1 1 0 1 1 1 1 0 0 0 1 0 0 1 1 0 1 1 0 1 1
 0 0 1]"
28,0.9546966718680808,"[1 1 1 1 1 1 1 0 1 1 0 1 0 0 0 0 1 1 0 1 1 1 1 0 0 0 1 0 0 1 1 0 1 1 0 1 1
 0 0 1]"
28,0.9546966718680808,"[1 1 1 1 1 1 1 0 1 1 0 1 0 0 0 0 1 1 0 1 1 1 1 0 0 0 1 0 0 1 1 0 1 1 0 1 1
 0 0 1]"
28,0.9546966718680808,"[1 1 1 1 1 1 1 0 1 1 0 1 0 0 0 0 1 1 0 1 1 1 1 0 0 0 1 0 0 1 1 0 1 1 0 1 1
 0 0 1]"
28,0.9546966718680808,"[1 1 1 1 1 1 1 0 1 1 0 1 0 0 0 0 1 1 0 1 1 1 1 0 0 0 1 0 0 1 1 0 1 1 0 1 1
 0 0 1]"
28,0.9546966718680808,"[1 1 1 1 1 1 1 0 1 1 0 1 0 0 0 0 1 1 0 1 1 1 1 0 0 0 1 0 0 1 1 0 1 1 0 1 1
 0 0 1]"
28,0.9546966718680808,"[1 1 1 1 1 1 1 0 1 1 0 1 0 0 0 0 1 1 0 1 1 1 1 0 0 0 1 0 0 1 1 0 1 1 0 1 1
 0 0 1]"
28,0.9546966718680808,"[1 1 1 1 1 1 1 0 1 1 0 1 0 0 0 0 1 1 0 1 1 1 1 0 0 0 1 0 0 1 1 0 1 1 0 1 1
 0 0 1]"
28,0.9546966718680808,"[1 1 1 1 1 1 1 0 1 1 0 1 0 0 0 0 1 1 0 1 1 1 1 0 0 0 1 0 0 1 1 0 1 1 0 1 1
 0 0 1]"
28,0.9546966718680808,"[1 1 1 1 1 1 1 0 1 1 0 1 0 0 0 0 1 1 0 1 1 1 1 0 0 0 1 0 0 1 1 0 1 1 0 1 1
 0 0 1]"
28,0.9546966718680808,"[1 1 1 1 1 1 1 0 1 1 0 1 0 0 0 0 1 1 0 1 1 1 1 0 0 0 1 0 0 1 1 0 1 1 0 1 1
 0 0 1]"
28,0.9546966718680808,"[1 1 1 1 1 1 1 0 1 1 0 1 0 0 0 0 1 1 0 1 1 1 1 0 0 0 1 0 0 1 1 0 1 1 0 1 1
 0 0 1]"
28,0.9546966718680808,"[1 1 1 1 1 1 1 0 1 1 0 1 0 0 0 0 1 1 0 1 1 1 1 0 0 0 1 0 0 1 1 0 1 1 0 1 1
 0 0 1]"
28,0.9546966718680808,"[1 1 1 1 1 1 1 0 1 1 0 1 0 0 0 0 1 1 0 1 1 1 1 0 0 0 1 0 0 1 1 0 1 1 0 1 1
 0 0 1]"
28,0.9546966718680808,"[1 1 1 1 1 1 1 0 1 1 0 1 0 0 0 0 1 1 0 1 1 1 1 0 0 0 1 0 0 1 1 0 1 1 0 1 1
 0 0 1]"
28,0.9546966718680808,"[1 1 1 1 1 1 1 0 1 1 0 1 0 0 0 0 1 1 0 1 1 1 1 0 0 0 1 0 0 1 1 0 1 1 0 1 1
 0 0 1]"
28,0.9546966718680808,"[1 1 1 1 1 1 1 0 1 1 0 1 0 0 0 0 1 1 0 1 1 1 1 0 0 0 1 0 0 1 1 0 1 1 0 1 1
 0 0 1]"
28,0.9546966718680808,"[1 1 1 1 1 1 1 0 1 1 0 1 0 0 0 0 1 1 0 1 1 1 1 0 0 0 1 0 0 1 1 0 1 1 0 1 1
 0 0 1]"
28,0.9546966718680808,"[1 1 1 1 1 1 1 0 1 1 0 1 0 0 0 0 1 1 0 1 1 1 1 0 0 0 1 0 0 1 1 0 1 1 0 1 1
 0 0 1]"
28,0.9546966718680808,"[1 1 1 1 1 1 1 0 1 1 0 1 0 0 0 0 1 1 0 1 1 1 1 0 0 0 1 0 0 1 1 0 1 1 0 1 1
 0 0 1]"
28,0.9546966718680808,"[1 1 1 1 1 1 1 0 1 1 0 1 0 0 0 0 1 1 0 1 1 1 1 0 0 0 1 0 0 1 1 0 1 1 0 1 1
 0 0 1]"
28,0.9546966718680808,"[1 1 1 1 1 1 1 0 1 1 0 1 0 0 0 0 1 1 0 1 1 1 1 0 0 0 1 0 0 1 1 0 1 1 0 1 1
 0 0 1]"
28,0.9546966718680808,"[1 1 1 1 1 1 1 0 1 1 0 1 0 0 0 0 1 1 0 1 1 1 1 0 0 0 1 0 0 1 1 0 1 1 0 1 1
 0 0 1]"
28,0.9546966718680808,"[1 1 1 1 1 1 1 0 1 1 0 1 0 0 0 0 1 1 0 1 1 1 1 0 0 0 1 0 0 1 1 0 1 1 0 1 1
 0 0 1]"
28,0.9546966718680808,"[1 1 1 1 1 1 1 0 1 1 0 1 0 0 0 0 1 1 0 1 1 1 1 0 0 0 1 0 0 1 1 0 1 1 0 1 1
 0 0 1]"
28,0.9546966718680808,"[1 1 1 1 1 1 1 0 1 1 0 1 0 0 0 0 1 1 0 1 1 1 1 0 0 0 1 0 0 1 1 0 1 1 0 1 1
 0 0 1]"
28,0.9546966718680808,"[1 1 1 1 1 1 1 0 1 1 0 1 0 0 0 0 1 1 0 1 1 1 1 0 0 0 1 0 0 1 1 0 1 1 0 1 1
 0 0 1]"
28,0.9546966718680808,"[1 1 1 1 1 1 1 0 1 1 0 1 0 0 0 0 1 1 0 1 1 1 1 0 0 0 1 0 0 1 1 0 1 1 0 1 1
 0 0 1]"
28,0.9546966718680808,"[1 1 1 1 1 1 1 0 1 1 0 1 0 0 0 0 1 1 0 1 1 1 1 0 0 0 1 0 0 1 1 0 1 1 0 1 1
 0 0 1]"
28,0.9546966718680808,"[1 1 1 1 1 1 1 0 1 1 0 1 0 0 0 0 1 1 0 1 1 1 1 0 0 0 1 0 0 1 1 0 1 1 0 1 1
 0 0 1]"
28,0.9546966718680808,"[1 1 1 1 1 1 1 0 1 1 0 1 0 0 0 0 1 1 0 1 1 1 1 0 0 0 1 0 0 1 1 0 1 1 0 1 1
 0 0 1]"
28,0.9546966718680808,"[1 1 1 1 1 1 1 0 1 1 0 1 0 0 0 0 1 1 0 1 1 1 1 0 0 0 1 0 0 1 1 0 1 1 0 1 1
 0 0 1]"
28,0.9546966718680808,"[1 1 1 1 1 1 1 0 1 1 0 1 0 0 0 0 1 1 0 1 1 1 1 0 0 0 1 0 0 1 1 0 1 1 0 1 1
 0 0 1]"
28,0.9546966718680808,"[1 1 1 1 1 1 1 0 1 1 0 1 0 0 0 0 1 1 0 1 1 1 1 0 0 0 1 0 0 1 1 0 1 1 0 1 1
 0 0 1]"
28,0.9546966718680808,"[1 1 1 1 1 1 1 0 1 1 0 1 0 0 0 0 1 1 0 1 1 1 1 0 0 0 1 0 0 1 1 0 1 1 0 1 1
 0 0 1]"
28,0.9546966718680808,"[1 1 1 1 1 1 1 0 1 1 0 1 0 0 0 0 1 1 0 1 1 1 1 0 0 0 1 0 0 1 1 0 1 1 0 1 1
 0 0 1]"
28,0.9546966718680808,"[1 1 1 1 1 1 1 0 1 1 0 1 0 0 0 0 1 1 0 1 1 1 1 0 0 0 1 0 0 1 1 0 1 1 0 1 1
 0 0 1]"
28,0.9546966718680808,"[1 1 1 1 1 1 1 0 1 1 0 1 0 0 0 0 1 1 0 1 1 1 1 0 0 0 1 0 0 1 1 0 1 1 0 1 1
 0 0 1]"
28,0.9546966718680808,"[1 1 1 1 1 1 1 0 1 1 0 1 0 0 0 0 1 1 0 1 1 1 1 0 0 0 1 0 0 1 1 0 1 1 0 1 1
 0 0 1]"
28,0.9546966718680808,"[1 1 1 1 1 1 1 0 1 1 0 1 0 0 0 0 1 1 0 1 1 1 1 0 0 0 1 0 0 1 1 0 1 1 0 1 1
 0 0 1]"
28,0.9546966718680808,"[1 1 1 1 1 1 1 0 1 1 0 1 0 0 0 0 1 1 0 1 1 1 1 0 0 0 1 0 0 1 1 0 1 1 0 1 1
 0 0 1]"
28,0.9546966718680808,"[1 1 1 1 1 1 1 0 1 1 0 1 0 0 0 0 1 1 0 1 1 1 1 0 0 0 1 0 0 1 1 0 1 1 0 1 1
 0 0 1]"
28,0.9546966718680808,"[1 1 1 1 1 1 1 0 1 1 0 1 0 0 0 0 1 1 0 1 1 1 1 0 0 0 1 0 0 1 1 0 1 1 0 1 1
 0 0 1]"
28,0.9546966718680808,"[1 1 1 1 1 1 1 0 1 1 0 1 0 0 0 0 1 1 0 1 1 1 1 0 0 0 1 0 0 1 1 0 1 1 0 1 1
 0 0 1]"
28,0.9546966718680808,"[1 1 1 1 1 1 1 0 1 1 0 1 0 0 0 0 1 1 0 1 1 1 1 0 0 0 1 0 0 1 1 0 1 1 0 1 1
 0 0 1]"
28,0.9546966718680808,"[1 1 1 1 1 1 1 0 1 1 0 1 0 0 0 0 1 1 0 1 1 1 1 0 0 0 1 0 0 1 1 0 1 1 0 1 1
 0 0 1]"
28,0.9546966718680808,"[1 1 1 1 1 1 1 0 1 1 0 1 0 0 0 0 1 1 0 1 1 1 1 0 0 0 1 0 0 1 1 0 1 1 0 1 1
 0 0 1]"
28,0.9546966718680808,"[1 1 1 1 1 1 1 0 1 1 0 1 0 0 0 0 1 1 0 1 1 1 1 0 0 0 1 0 0 1 1 0 1 1 0 1 1
 0 0 1]"
28,0.9546966718680808,"[1 1 1 1 1 1 1 0 1 1 0 1 0 0 0 0 1 1 0 1 1 1 1 0 0 0 1 0 0 1 1 0 1 1 0 1 1
 0 0 1]"
28,0.9546966718680808,"[1 1 1 1 1 1 1 0 1 1 0 1 0 0 0 0 1 1 0 1 1 1 1 0 0 0 1 0 0 1 1 0 1 1 0 1 1
 0 0 1]"
28,0.9546966718680808,"[1 1 1 1 1 1 1 0 1 1 0 1 0 0 0 0 1 1 0 1 1 1 1 0 0 0 1 0 0 1 1 0 1 1 0 1 1
 0 0 1]"
28,0.9546966718680808,"[1 1 1 1 1 1 1 0 1 1 0 1 0 0 0 0 1 1 0 1 1 1 1 0 0 0 1 0 0 1 1 0 1 1 0 1 1
 0 0 1]"
28,0.9546966718680808,"[1 1 1 1 1 1 1 0 1 1 0 1 0 0 0 0 1 1 0 1 1 1 1 0 0 0 1 0 0 1 1 0 1 1 0 1 1
 0 0 1]"
28,0.9546966718680808,"[1 1 1 1 1 1 1 0 1 1 0 1 0 0 0 0 1 1 0 1 1 1 1 0 0 0 1 0 0 1 1 0 1 1 0 1 1
 0 0 1]"
28,0.9546966718680808,"[1 1 1 1 1 1 1 0 1 1 0 1 0 0 0 0 1 1 0 1 1 1 1 0 0 0 1 0 0 1 1 0 1 1 0 1 1
 0 0 1]"
28,0.9546966718680808,"[1 1 1 1 1 1 1 0 1 1 0 1 0 0 0 0 1 1 0 1 1 1 1 0 0 0 1 0 0 1 1 0 1 1 0 1 1
 0 0 1]"
28,0.9546966718680808,"[1 1 1 1 1 1 1 0 1 1 0 1 0 0 0 0 1 1 0 1 1 1 1 0 0 0 1 0 0 1 1 0 1 1 0 1 1
 0 0 1]"
28,0.9546966718680808,"[1 1 1 1 1 1 1 0 1 1 0 1 0 0 0 0 1 1 0 1 1 1 1 0 0 0 1 0 0 1 1 0 1 1 0 1 1
 0 0 1]"
28,0.9546966718680808,"[1 1 1 1 1 1 1 0 1 1 0 1 0 0 0 0 1 1 0 1 1 1 1 0 0 0 1 0 0 1 1 0 1 1 0 1 1
 0 0 1]"
28,0.9546966718680808,"[1 1 1 1 1 1 1 0 1 1 0 1 0 0 0 0 1 1 0 1 1 1 1 0 0 0 1 0 0 1 1 0 1 1 0 1 1
 0 0 1]"
28,0.9546966718680808,"[1 1 1 1 1 1 1 0 1 1 0 1 0 0 0 0 1 1 0 1 1 1 1 0 0 0 1 0 0 1 1 0 1 1 0 1 1
 0 0 1]"
28,0.9546966718680808,"[1 1 1 1 1 1 1 0 1 1 0 1 0 0 0 0 1 1 0 1 1 1 1 0 0 0 1 0 0 1 1 0 1 1 0 1 1
 0 0 1]"
28,0.9546966718680808,"[1 1 1 1 1 1 1 0 1 1 0 1 0 0 0 0 1 1 0 1 1 1 1 0 0 0 1 0 0 1 1 0 1 1 0 1 1
 0 0 1]"
28,0.9546966718680808,"[1 1 1 1 1 1 1 0 1 1 0 1 0 0 0 0 1 1 0 1 1 1 1 0 0 0 1 0 0 1 1 0 1 1 0 1 1
 0 0 1]"
28,0.9546966718680808,"[1 1 1 1 1 1 1 0 1 1 0 1 0 0 0 0 1 1 0 1 1 1 1 0 0 0 1 0 0 1 1 0 1 1 0 1 1
 0 0 1]"
step,fitness,genome
29,0.9546966718680808,"[1 1 1 1 1 1 1 0 1 1 0 1 0 0 0 0 1 1 0 1 1 1 1 0 0 0 1 0 0 1 1 0 1 1 0 1 1
 0 0 1]"
29,0.9546966718680808,"[1 1 1 1 1 1 1 0 1 1 0 1 0 0 0 0 1 1 0 1 1 1 1 0 0 0 1 0 0 1 1 0 1 1 0 1 1
 0 0 1]"
29,0.9546966718680808,"[1 1 1 1 1 1 1 0 1 1 0 1 0 0 0 0 1 1 0 1 1 1 1 0 0 0 1 0 0 1 1 0 1 1 0 1 1
 0 0 1]"
29,0.9546966718680808,"[1 1 1 1 1 1 1 0 1 1 0 1 0 0 0 0 1 1 0 1 1 1 1 0 0 0 1 0 0 1 1 0 1 1 0 1 1
 0 0 1]"
29,0.9546966718680808,"[1 1 1 1 1 1 1 0 1 1 0 1 0 0 0 0 1 1 0 1 1 1 1 0 0 0 1 0 0 1 1 0 1 1 0 1 1
 0 0 1]"
29,0.9546966718680808,"[1 1 1 1 1 1 1 0 1 1 0 1 0 0 0 0 1 1 0 1 1 1 1 0 0 0 1 0 0 1 1 0 1 1 0 1 1
 0 0 1]"
29,0.9546966718680808,"[1 1 1 1 1 1 1 0 1 1 0 1 0 0 0 0 1 1 0 1 1 1 1 0 0 0 1 0 0 1 1 0 1 1 0 1 1
 0 0 1]"
29,0.9546966718680808,"[1 1 1 1 1 1 1 0 1 1 0 1 0 0 0 0 1 1 0 1 1 1 1 0 0 0 1 0 0 1 1 0 1 1 0 1 1
 0 0 1]"
29,0.9546966718680808,"[1 1 1 1 1 1 1 0 1 1 0 1 0 0 0 0 1 1 0 1 1 1 1 0 0 0 1 0 0 1 1 0 1 1 0 1 1
 0 0 1]"
29,0.9546966718680808,"[1 1 1 1 1 1 1 0 1 1 0 1 0 0 0 0 1 1 0 1 1 1 1 0 0 0 1 0 0 1 1 0 1 1 0 1 1
 0 0 1]"
29,0.9546966718680808,"[1 1 1 1 1 1 1 0 1 1 0 1 0 0 0 0 1 1 0 1 1 1 1 0 0 0 1 0 0 1 1 0 1 1 0 1 1
 0 0 1]"
29,0.9546966718680808,"[1 1 1 1 1 1 1 0 1 1 0 1 0 0 0 0 1 1 0 1 1 1 1 0 0 0 1 0 0 1 1 0 1 1 0 1 1
 0 0 1]"
29,0.9546966718680808,"[1 1 1 1 1 1 1 0 1 1 0 1 0 0 0 0 1 1 0 1 1 1 1 0 0 0 1 0 0 1 1 0 1 1 0 1 1
 0 0 1]"
29,0.9546966718680808,"[1 1 1 1 1 1 1 0 1 1 0 1 0 0 0 0 1 1 0 1 1 1 1 0 0 0 1 0 0 1 1 0 1 1 0 1 1
 0 0 1]"
29,0.9546966718680808,"[1 1 1 1 1 1 1 0 1 1 0 1 0 0 0 0 1 1 0 1 1 1 1 0 0 0 1 0 0 1 1 0 1 1 0 1 1
 0 0 1]"
29,0.9546966718680808,"[1 1 1 1 1 1 1 0 1 1 0 1 0 0 0 0 1 1 0 1 1 1 1 0 0 0 1 0 0 1 1 0 1 1 0 1 1
 0 0 1]"
29,0.9546966718680808,"[1 1 1 1 1 1 1 0 1 1 0 1 0 0 0 0 1 1 0 1 1 1 1 0 0 0 1 0 0 1 1 0 1 1 0 1 1
 0 0 1]"
29,0.9546966718680808,"[1 1 1 1 1 1 1 0 1 1 0 1 0 0 0 0 1 1 0 1 1 1 1 0 0 0 1 0 0 1 1 0 1 1 0 1 1
 0 0 1]"
29,0.9546966718680808,"[1 1 1 1 1 1 1 0 1 1 0 1 0 0 0 0 1 1 0 1 1 1 1 0 0 0 1 0 0 1 1 0 1 1 0 1 1
 0 0 1]"
29,0.9546966718680808,"[1 1 1 1 1 1 1 0 1 1 0 1 0 0 0 0 1 1 0 1 1 1 1 0 0 0 1 0 0 1 1 0 1 1 0 1 1
 0 0 1]"
29,0.9546966718680808,"[1 1 1 1 1 1 1 0 1 1 0 1 0 0 0 0 1 1 0 1 1 1 1 0 0 0 1 0 0 1 1 0 1 1 0 1 1
 0 0 1]"
29,0.9546966718680808,"[1 1 1 1 1 1 1 0 1 1 0 1 0 0 0 0 1 1 0 1 1 1 1 0 0 0 1 0 0 1 1 0 1 1 0 1 1
 0 0 1]"
29,0.9546966718680808,"[1 1 1 1 1 1 1 0 1 1 0 1 0 0 0 0 1 1 0 1 1 1 1 0 0 0 1 0 0 1 1 0 1 1 0 1 1
 0 0 1]"
29,0.9546966718680808,"[1 1 1 1 1 1 1 0 1 1 0 1 0 0 0 0 1 1 0 1 1 1 1 0 0 0 1 0 0 1 1 0 1 1 0 1 1
 0 0 1]"
29,0.9546966718680808,"[1 1 1 1 1 1 1 0 1 1 0 1 0 0 0 0 1 1 0 1 1 1 1 0 0 0 1 0 0 1 1 0 1 1 0 1 1
 0 0 1]"
29,0.9546966718680808,"[1 1 1 1 1 1 1 0 1 1 0 1 0 0 0 0 1 1 0 1 1 1 1 0 0 0 1 0 0 1 1 0 1 1 0 1 1
 0 0 1]"
29,0.9546966718680808,"[1 1 1 1 1 1 1 0 1 1 0 1 0 0 0 0 1 1 0 1 1 1 1 0 0 0 1 0 0 1 1 0 1 1 0 1 1
 0 0 1]"
29,0.9546966718680808,"[1 1 1 1 1 1 1 0 1 1 0 1 0 0 0 0 1 1 0 1 1 1 1 0 0 0 1 0 0 1 1 0 1 1 0 1 1
 0 0 1]"
29,0.9546966718680808,"[1 1 1 1 1 1 1 0 1 1 0 1 0 0 0 0 1 1 0 1 1 1 1 0 0 0 1 0 0 1 1 0 1 1 0 1 1
 0 0 1]"
29,0.9546966718680808,"[1 1 1 1 1 1 1 0 1 1 0 1 0 0 0 0 1 1 0 1 1 1 1 0 0 0 1 0 0 1 1 0 1 1 0 1 1
 0 0 1]"
29,0.9546966718680808,"[1 1 1 1 1 1 1 0 1 1 0 1 0 0 0 0 1 1 0 1 1 1 1 0 0 0 1 0 0 1 1 0 1 1 0 1 1
 0 0 1]"
29,0.9546966718680808,"[1 1 1 1 1 1 1 0 1 1 0 1 0 0 0 0 1 1 0 1 1 1 1 0 0 0 1 0 0 1 1 0 1 1 0 1 1
 0 0 1]"
29,0.9546966718680808,"[1 1 1 1 1 1 1 0 1 1 0 1 0 0 0 0 1 1 0 1 1 1 1 0 0 0 1 0 0 1 1 0 1 1 0 1 1
 0 0 1]"
29,0.9546966718680808,"[1 1 1 1 1 1 1 0 1 1 0 1 0 0 0 0 1 1 0 1 1 1 1 0 0 0 1 0 0 1 1 0 1 1 0 1 1
 0 0 1]"
29,0.9546966718680808,"[1 1 1 1 1 1 1 0 1 1 0 1 0 0 0 0 1 1 0 1 1 1 1 0 0 0 1 0 0 1 1 0 1 1 0 1 1
 0 0 1]"
29,0.9546966718680808,"[1 1 1 1 1 1 1 0 1 1 0 1 0 0 0 0 1 1 0 1 1 1 1 0 0 0 1 0 0 1 1 0 1 1 0 1 1
 0 0 1]"
29,0.9546966718680808,"[1 1 1 1 1 1 1 0 1 1 0 1 0 0 0 0 1 1 0 1 1 1 1 0 0 0 1 0 0 1 1 0 1 1 0 1 1
 0 0 1]"
29,0.9546966718680808,"[1 1 1 1 1 1 1 0 1 1 0 1 0 0 0 0 1 1 0 1 1 1 1 0 0 0 1 0 0 1 1 0 1 1 0 1 1
 0 0 1]"
29,0.9546966718680808,"[1 1 1 1 1 1 1 0 1 1 0 1 0 0 0 0 1 1 0 1 1 1 1 0 0 0 1 0 0 1 1 0 1 1 0 1 1
 0 0 1]"
29,0.9546966718680808,"[1 1 1 1 1 1 1 0 1 1 0 1 0 0 0 0 1 1 0 1 1 1 1 0 0 0 1 0 0 1 1 0 1 1 0 1 1
 0 0 1]"
29,0.9546966718680808,"[1 1 1 1 1 1 1 0 1 1 0 1 0 0 0 0 1 1 0 1 1 1 1 0 0 0 1 0 0 1 1 0 1 1 0 1 1
 0 0 1]"
29,0.9546966718680808,"[1 1 1 1 1 1 1 0 1 1 0 1 0 0 0 0 1 1 0 1 1 1 1 0 0 0 1 0 0 1 1 0 1 1 0 1 1
 0 0 1]"
29,0.9546966718680808,"[1 1 1 1 1 1 1 0 1 1 0 1 0 0 0 0 1 1 0 1 1 1 1 0 0 0 1 0 0 1 1 0 1 1 0 1 1
 0 0 1]"
29,0.9546966718680808,"[1 1 1 1 1 1 1 0 1 1 0 1 0 0 0 0 1 1 0 1 1 1 1 0 0 0 1 0 0 1 1 0 1 1 0 1 1
 0 0 1]"
29,0.9546966718680808,"[1 1 1 1 1 1 1 0 1 1 0 1 0 0 0 0 1 1 0 1 1 1 1 0 0 0 1 0 0 1 1 0 1 1 0 1 1
 0 0 1]"
29,0.9546966718680808,"[1 1 1 1 1 1 1 0 1 1 0 1 0 0 0 0 1 1 0 1 1 1 1 0 0 0 1 0 0 1 1 0 1 1 0 1 1
 0 0 1]"
29,0.9546966718680808,"[1 1 1 1 1 1 1 0 1 1 0 1 0 0 0 0 1 1 0 1 1 1 1 0 0 0 1 0 0 1 1 0 1 1 0 1 1
 0 0 1]"
29,0.9546966718680808,"[1 1 1 1 1 1 1 0 1 1 0 1 0 0 0 0 1 1 0 1 1 1 1 0 0 0 1 0 0 1 1 0 1 1 0 1 1
 0 0 1]"
29,0.9546966718680808,"[1 1 1 1 1 1 1 0 1 1 0 1 0 0 0 0 1 1 0 1 1 1 1 0 0 0 1 0 0 1 1 0 1 1 0 1 1
 0 0 1]"
29,0.9546966718680808,"[1 1 1 1 1 1 1 0 1 1 0 1 0 0 0 0 1 1 0 1 1 1 1 0 0 0 1 0 0 1 1 0 1 1 0 1 1
 0 0 1]"
29,0.9546966718680808,"[1 1 1 1 1 1 1 0 1 1 0 1 0 0 0 0 1 1 0 1 1 1 1 0 0 0 1 0 0 1 1 0 1 1 0 1 1
 0 0 1]"
29,0.9546966718680808,"[1 1 1 1 1 1 1 0 1 1 0 1 0 0 0 0 1 1 0 1 1 1 1 0 0 0 1 0 0 1 1 0 1 1 0 1 1
 0 0 1]"
29,0.9546966718680808,"[1 1 1 1 1 1 1 0 1 1 0 1 0 0 0 0 1 1 0 1 1 1 1 0 0 0 1 0 0 1 1 0 1 1 0 1 1
 0 0 1]"
29,0.9546966718680808,"[1 1 1 1 1 1 1 0 1 1 0 1 0 0 0 0 1 1 0 1 1 1 1 0 0 0 1 0 0 1 1 0 1 1 0 1 1
 0 0 1]"
29,0.9546966718680808,"[1 1 1 1 1 1 1 0 1 1 0 1 0 0 0 0 1 1 0 1 1 1 1 0 0 0 1 0 0 1 1 0 1 1 0 1 1
 0 0 1]"
29,0.9546966718680808,"[1 1 1 1 1 1 1 0 1 1 0 1 0 0 0 0 1 1 0 1 1 1 1 0 0 0 1 0 0 1 1 0 1 1 0 1 1
 0 0 1]"
29,0.9546966718680808,"[1 1 1 1 1 1 1 0 1 1 0 1 0 0 0 0 1 1 0 1 1 1 1 0 0 0 1 0 0 1 1 0 1 1 0 1 1
 0 0 1]"
29,0.9546966718680808,"[1 1 1 1 1 1 1 0 1 1 0 1 0 0 0 0 1 1 0 1 1 1 1 0 0 0 1 0 0 1 1 0 1 1 0 1 1
 0 0 1]"
29,0.9546966718680808,"[1 1 1 1 1 1 1 0 1 1 0 1 0 0 0 0 1 1 0 1 1 1 1 0 0 0 1 0 0 1 1 0 1 1 0 1 1
 0 0 1]"
29,0.9546966718680808,"[1 1 1 1 1 1 1 0 1 1 0 1 0 0 0 0 1 1 0 1 1 1 1 0 0 0 1 0 0 1 1 0 1 1 0 1 1
 0 0 1]"
29,0.9546966718680808,"[1 1 1 1 1 1 1 0 1 1 0 1 0 0 0 0 1 1 0 1 1 1 1 0 0 0 1 0 0 1 1 0 1 1 0 1 1
 0 0 1]"
29,0.9546966718680808,"[1 1 1 1 1 1 1 0 1 1 0 1 0 0 0 0 1 1 0 1 1 1 1 0 0 0 1 0 0 1 1 0 1 1 0 1 1
 0 0 1]"
29,0.9546966718680808,"[1 1 1 1 1 1 1 0 1 1 0 1 0 0 0 0 1 1 0 1 1 1 1 0 0 0 1 0 0 1 1 0 1 1 0 1 1
 0 0 1]"
29,0.9546966718680808,"[1 1 1 1 1 1 1 0 1 1 0 1 0 0 0 0 1 1 0 1 1 1 1 0 0 0 1 0 0 1 1 0 1 1 0 1 1
 0 0 1]"
29,0.9546966718680808,"[1 1 1 1 1 1 1 0 1 1 0 1 0 0 0 0 1 1 0 1 1 1 1 0 0 0 1 0 0 1 1 0 1 1 0 1 1
 0 0 1]"
29,0.9546966718680808,"[1 1 1 1 1 1 1 0 1 1 0 1 0 0 0 0 1 1 0 1 1 1 1 0 0 0 1 0 0 1 1 0 1 1 0 1 1
 0 0 1]"
29,0.9546966718680808,"[1 1 1 1 1 1 1 0 1 1 0 1 0 0 0 0 1 1 0 1 1 1 1 0 0 0 1 0 0 1 1 0 1 1 0 1 1
 0 0 1]"
29,0.9546966718680808,"[1 1 1 1 1 1 1 0 1 1 0 1 0 0 0 0 1 1 0 1 1 1 1 0 0 0 1 0 0 1 1 0 1 1 0 1 1
 0 0 1]"
29,0.9546966718680808,"[1 1 1 1 1 1 1 0 1 1 0 1 0 0 0 0 1 1 0 1 1 1 1 0 0 0 1 0 0 1 1 0 1 1 0 1 1
 0 0 1]"
29,0.9546966718680808,"[1 1 1 1 1 1 1 0 1 1 0 1 0 0 0 0 1 1 0 1 1 1 1 0 0 0 1 0 0 1 1 0 1 1 0 1 1
 0 0 1]"
29,0.9546966718680808,"[1 1 1 1 1 1 1 0 1 1 0 1 0 0 0 0 1 1 0 1 1 1 1 0 0 0 1 0 0 1 1 0 1 1 0 1 1
 0 0 1]"
29,0.9546966718680808,"[1 1 1 1 1 1 1 0 1 1 0 1 0 0 0 0 1 1 0 1 1 1 1 0 0 0 1 0 0 1 1 0 1 1 0 1 1
 0 0 1]"
29,0.9546966718680808,"[1 1 1 1 1 1 1 0 1 1 0 1 0 0 0 0 1 1 0 1 1 1 1 0 0 0 1 0 0 1 1 0 1 1 0 1 1
 0 0 1]"
29,0.9546966718680808,"[1 1 1 1 1 1 1 0 1 1 0 1 0 0 0 0 1 1 0 1 1 1 1 0 0 0 1 0 0 1 1 0 1 1 0 1 1
 0 0 1]"
29,0.9546966718680808,"[1 1 1 1 1 1 1 0 1 1 0 1 0 0 0 0 1 1 0 1 1 1 1 0 0 0 1 0 0 1 1 0 1 1 0 1 1
 0 0 1]"
